3 0.576933 0.199089 0.031707 0.004509
3 0.619381 0.206787 0.033716 0.006377
3 0.646125 0.248990 0.033092 0.007810
3 0.537744 0.282513 0.032468 0.005411
3 0.522401 0.328673 0.033729 0.007545
3 0.534316 0.391874 0.034250 0.007683
3 0.413454 0.522637 0.031960 0.006764
2 0.572621 0.238772 0.035258 0.055916
2 0.618151 0.239448 0.040584 0.059073
2 0.636414 0.284316 0.045150 0.062229
0 0.539012 0.319490 0.031960 0.056818
0 0.519354 0.358496 0.029677 0.051858
0 0.405083 0.570437 0.042106 0.065386
1 0.538885 0.441243 0.068233 0.089286