0 0.480519 0.350447 0.027597 0.040635
0 0.484984 0.211919 0.035985 0.068341
0 0.526245 0.152814 0.035173 0.042482
1 0.547890 0.287879 0.030844 0.054949
1 0.526515 0.254401 0.021104 0.034170
1 0.520022 0.204300 0.026515 0.029091
1 0.607008 0.102251 0.033820 0.053102
1 0.648651 0.066129 0.034987 0.052067
3 0.482255 0.314047 0.042544 0.008121
3 0.546910 0.246694 0.042544 0.008121
3 0.534595 0.222571 0.040864 0.008598
3 0.488273 0.170264 0.041704 0.009076
3 0.523399 0.176713 0.041984 0.007643
3 0.529417 0.127273 0.041704 0.008121
3 0.610390 0.062580 0.040909 0.007758
3 0.652273 0.030442 0.042208 0.007758