0 0.362872 0.468908 0.042972 0.061115
0 0.429826 0.282054 0.036895 0.039040
0 0.471517 0.306297 0.036157 0.045966
1 0.544754 0.277332 0.029885 0.029595
1 0.531471 0.257812 0.031361 0.035891
1 0.519481 0.210272 0.031730 0.050374
1 0.550288 0.189492 0.036526 0.055411
1 0.530918 0.116765 0.030992 0.057300
1 0.580542 0.111413 0.035050 0.055411
3 0.431671 0.227902 0.042060 0.008815
3 0.467643 0.267257 0.042429 0.008186
3 0.546598 0.246793 0.042429 0.008815
3 0.534054 0.222235 0.042429 0.008815
3 0.522617 0.176899 0.041691 0.008815
3 0.552870 0.152971 0.041691 0.007556
3 0.535530 0.069854 0.041691 0.008815
3 0.580726 0.073003 0.041322 0.007556