0 0.338792 0.473970 0.040937 0.068662
0 0.417667 0.293281 0.047643 0.071071
0 0.480131 0.306832 0.039879 0.045172
1 0.543655 0.284547 0.033526 0.046377
1 0.529715 0.253830 0.032468 0.037945
1 0.518245 0.216187 0.035644 0.042161
1 0.550536 0.190288 0.033173 0.042161
1 0.531832 0.110785 0.030350 0.056616
1 0.579828 0.111989 0.034585 0.056616
3 0.424548 0.251421 0.043055 0.007830
3 0.472897 0.265274 0.041643 0.010239
3 0.546654 0.246000 0.043055 0.010239
3 0.522833 0.176435 0.042702 0.009637
3 0.533420 0.221909 0.042702 0.009034
3 0.535008 0.069528 0.041643 0.009034
3 0.581063 0.072840 0.041996 0.008432
3 0.552830 0.152644 0.041290 0.009034