0 0.334287 0.472408 0.041439 0.067077
0 0.435545 0.378709 0.040953 0.078709
0 0.439419 0.329595 0.047226 0.057300
1 0.531102 0.264738 0.038002 0.064856
1 0.522063 0.213420 0.035419 0.052893
1 0.553608 0.193270 0.034312 0.059189
1 0.528704 0.109524 0.036895 0.052893
1 0.575745 0.115191 0.038002 0.055411
3 0.336297 0.432546 0.046119 0.013853
3 0.438312 0.335577 0.043536 0.012593
3 0.442370 0.298426 0.045750 0.011334
3 0.534054 0.221921 0.044643 0.011964
3 0.523170 0.175325 0.045012 0.014482
3 0.551948 0.152342 0.043536 0.011334
3 0.534054 0.069540 0.043905 0.011964
3 0.580911 0.072688 0.043167 0.011964