0 0.333270 0.483983 0.046791 0.078228
0 0.417512 0.417857 0.032129 0.065801
0 0.406182 0.352922 0.041261 0.036364
1 0.531825 0.260570 0.034835 0.055988
1 0.522524 0.208911 0.029762 0.047330
1 0.555668 0.187266 0.039232 0.055988
1 0.534192 0.108189 0.032129 0.051371
1 0.575453 0.110786 0.038217 0.057720
3 0.535207 0.069805 0.042275 0.009235
3 0.580695 0.073557 0.042614 0.008658
3 0.552963 0.153211 0.041937 0.008658
3 0.522693 0.176876 0.042275 0.009812
3 0.534023 0.222186 0.042614 0.009235
3 0.408042 0.314250 0.042275 0.009812
3 0.419541 0.372835 0.042275 0.010390
3 0.336682 0.433442 0.042275 0.010390