0 0.411776 0.416883 0.045579 0.063403
0 0.495598 0.351082 0.040272 0.071395
1 0.533061 0.265834 0.041521 0.063936
1 0.520261 0.216550 0.039648 0.055944
1 0.550699 0.201632 0.036214 0.071928
1 0.533373 0.106527 0.038399 0.063936
1 0.576923 0.112388 0.039960 0.059674
3 0.420673 0.373460 0.045267 0.017050
3 0.495910 0.311122 0.044643 0.014918
3 0.533529 0.222145 0.044955 0.014918
3 0.522446 0.176324 0.044643 0.014918
3 0.553197 0.153946 0.045579 0.013853
3 0.534934 0.071362 0.047765 0.008525
3 0.580669 0.072428 0.043082 0.010656