0 0.449787 0.614520 0.047582 0.058218
0 0.503247 0.559536 0.049821 0.062696
0 0.485614 0.473205 0.045902 0.050256
2 0.619542 0.346818 0.037226 0.059213
2 0.545371 0.280390 0.030508 0.051749
2 0.568742 0.315968 0.029109 0.037319
1 0.566922 0.365975 0.059617 0.086580
3 0.484401 0.429634 0.032654 0.006902
3 0.510944 0.513012 0.031628 0.005473
3 0.456742 0.581456 0.033113 0.006660
3 0.621501 0.304274 0.033307 0.006966
3 0.576123 0.278955 0.033235 0.007081
3 0.551772 0.239939 0.033235 0.006673
3 0.563564 0.312982 0.032188 0.007464