3 0.432159 0.555788 0.032206 0.006051
3 0.470232 0.428944 0.033038 0.006517
3 0.532921 0.427350 0.032642 0.007770
3 0.511495 0.513429 0.032729 0.006982
3 0.621334 0.304659 0.032468 0.006517
3 0.575802 0.278610 0.033045 0.008510
3 0.551763 0.239498 0.033669 0.006505
2 0.622251 0.346320 0.039537 0.072150
2 0.574859 0.325606 0.033253 0.057720
2 0.550901 0.276730 0.037181 0.054927
1 0.539904 0.479216 0.074885 0.096821
0 0.511495 0.557650 0.045297 0.075874
0 0.468685 0.468510 0.052367 0.059582
0 0.432028 0.589070 0.053938 0.052134