0 0.460053 0.473933 0.047542 0.068275
0 0.475707 0.427922 0.047542 0.059369
0 0.435703 0.397495 0.041164 0.060853
1 0.578473 0.282962 0.039715 0.061348
1 0.445414 0.276283 0.040295 0.059864
1 0.477447 0.285931 0.038845 0.062338
1 0.461358 0.336642 0.038555 0.060853
1 0.495420 0.337879 0.038265 0.058380
1 0.630519 0.291983 0.044156 0.068710
1 0.577760 0.183100 0.040584 0.061506
2 0.519249 0.294051 0.044991 0.107656
3 0.434717 0.361336 0.043831 0.013457
3 0.468344 0.390427 0.045686 0.014644
3 0.461271 0.437724 0.044063 0.012665
3 0.447704 0.239827 0.043831 0.011082
3 0.477968 0.246555 0.043135 0.009499
3 0.519596 0.232703 0.042904 0.009499
3 0.464170 0.296425 0.042440 0.011082
3 0.498609 0.299592 0.044527 0.011082
3 0.581865 0.242004 0.044063 0.011478
3 0.629566 0.249540 0.044136 0.011688
3 0.581752 0.143912 0.043882 0.010823