0 0.324675 0.458555 0.042720 0.064160
0 0.279178 0.374345 0.047420 0.063431
1 0.484307 0.380251 0.042517 0.066625
1 0.461310 0.338033 0.040584 0.063987
1 0.444109 0.277675 0.038652 0.062008
1 0.482761 0.272068 0.037106 0.054752
1 0.571274 0.191919 0.045609 0.064646
1 0.579004 0.275366 0.034787 0.057390
1 0.609926 0.304721 0.040971 0.062008
2 0.525199 0.282684 0.073421 0.090673
3 0.284477 0.335395 0.044836 0.011214
3 0.327188 0.425108 0.045223 0.012533
3 0.447053 0.239727 0.044955 0.014918
3 0.482330 0.234399 0.041209 0.013853
3 0.520261 0.233866 0.044643 0.012787
3 0.464379 0.296470 0.045267 0.012254
3 0.485452 0.343090 0.044955 0.013853
3 0.573801 0.153147 0.044955 0.013320
3 0.582386 0.242391 0.044643 0.014918
3 0.614698 0.266367 0.044331 0.011722