0 0.325734 0.463429 0.035997 0.053604
0 0.392963 0.312554 0.037055 0.056616
1 0.575946 0.191493 0.043055 0.056616
1 0.575240 0.280331 0.033879 0.053604
1 0.612119 0.305628 0.037761 0.059627
1 0.483307 0.378204 0.032820 0.054207
1 0.446076 0.279428 0.028938 0.051797
1 0.459486 0.339356 0.037408 0.058423
2 0.525000 0.389229 0.064935 0.088104
3 0.574026 0.153455 0.041558 0.007758
3 0.582792 0.241835 0.042208 0.008312
3 0.614448 0.266771 0.041234 0.008312
3 0.448214 0.239896 0.041883 0.009974
3 0.464123 0.296693 0.042532 0.009420
3 0.484903 0.341853 0.042532 0.009974
3 0.527922 0.333818 0.042208 0.007203
3 0.387500 0.275913 0.042532 0.008866
3 0.327516 0.424892 0.043019 0.010390