3 0.546953 0.163725 0.033716 0.008325
3 0.565216 0.205350 0.033404 0.008325
3 0.586757 0.241148 0.034653 0.008880
3 0.517920 0.273615 0.033092 0.010545
3 0.446272 0.321900 0.032780 0.009435
3 0.468594 0.359640 0.033716 0.009435
3 0.493101 0.391553 0.032780 0.011100
2 0.589098 0.279443 0.033092 0.066600
2 0.561626 0.241980 0.026848 0.048285
2 0.540709 0.209235 0.028097 0.056055
1 0.518700 0.324120 0.055882 0.100455
1 0.494974 0.439283 0.044018 0.068820
1 0.470155 0.398768 0.028097 0.059940
1 0.449394 0.364635 0.026536 0.059385