0 0.492363 0.432900 0.030623 0.070182
0 0.466167 0.399777 0.029885 0.064279
0 0.431855 0.376164 0.031361 0.073462
1 0.515607 0.323691 0.060877 0.101010
2 0.591241 0.278106 0.040215 0.059688
2 0.557667 0.246622 0.032099 0.058376
2 0.541986 0.205628 0.030992 0.053785
3 0.434025 0.333183 0.034399 0.007176
3 0.468750 0.359111 0.033574 0.006559
3 0.491994 0.391906 0.035050 0.006559
3 0.517636 0.271875 0.032468 0.010495
3 0.546967 0.162666 0.033574 0.011150
3 0.564123 0.206940 0.033205 0.009183
3 0.588105 0.239735 0.034681 0.007871