0 0.367377 0.404404 0.042349 0.068059
0 0.504305 0.217391 0.040937 0.063843
0 0.569417 0.140900 0.037761 0.065048
1 0.435714 0.304173 0.041558 0.065385
1 0.493831 0.288104 0.042857 0.057628
1 0.496104 0.348502 0.038312 0.060952
1 0.528247 0.338528 0.037013 0.054303
3 0.366396 0.358476 0.045130 0.014407
3 0.440260 0.265662 0.044156 0.013853
3 0.497565 0.250701 0.047078 0.011636
3 0.499838 0.308329 0.044481 0.012745
3 0.531169 0.296416 0.044156 0.012190
3 0.506331 0.178113 0.044481 0.013853
3 0.574351 0.100537 0.044805 0.012745