0 0.414101 0.559536 0.047302 0.069662
0 0.536974 0.321690 0.038345 0.059710
0 0.530256 0.387371 0.034987 0.043788
1 0.572940 0.236105 0.033587 0.050754
1 0.618003 0.240583 0.037506 0.057720
1 0.640954 0.291586 0.036946 0.065184
2 0.537674 0.446584 0.072772 0.096532
3 0.413261 0.523461 0.036106 0.011444
3 0.531376 0.387869 0.031628 0.011942
3 0.530676 0.355526 0.035266 0.011942
3 0.534875 0.284620 0.033027 0.010449
3 0.576159 0.198786 0.035546 0.013932
3 0.618982 0.206001 0.033867 0.010449
3 0.646692 0.247798 0.034987 0.009454