0 0.410598 0.567100 0.035019 0.055246
0 0.517161 0.357452 0.026902 0.047413
0 0.538265 0.317048 0.022727 0.050711
1 0.573864 0.237477 0.027597 0.047413
1 0.616883 0.237683 0.029221 0.056895
1 0.641814 0.285302 0.029917 0.054834
2 0.538845 0.441352 0.053571 0.073387
3 0.413613 0.522779 0.031772 0.005360
3 0.534671 0.391053 0.031772 0.004947
3 0.521916 0.327767 0.029917 0.005360
3 0.537222 0.282210 0.031308 0.004947
3 0.576647 0.198516 0.031308 0.004947
3 0.619666 0.205731 0.031076 0.004535
3 0.646916 0.247372 0.032236 0.004535