0 0.495420 0.444238 0.037106 0.060297
0 0.535279 0.487271 0.044353 0.070089
0 0.504986 0.400691 0.038265 0.066996
1 0.599780 0.270047 0.024930 0.051020
1 0.633987 0.365904 0.037106 0.072665
1 0.612825 0.307669 0.030728 0.047928
2 0.556296 0.385230 0.057978 0.111317
3 0.511654 0.362812 0.033047 0.007730
3 0.506436 0.407906 0.038845 0.010307
3 0.535569 0.437539 0.036236 0.008761
3 0.564558 0.322099 0.035077 0.009792
3 0.604273 0.228561 0.035656 0.013399
3 0.619927 0.272367 0.032178 0.014430
3 0.636740 0.321068 0.035077 0.009792