0 0.448722 0.617667 0.049054 0.070268
0 0.503600 0.559947 0.046584 0.074032
0 0.481543 0.465525 0.044113 0.055838
1 0.545772 0.284209 0.032820 0.060857
1 0.616001 0.347261 0.038467 0.063994
1 0.569770 0.314637 0.029291 0.045172
2 0.565535 0.370789 0.052583 0.101010
3 0.456663 0.580024 0.035291 0.007529
3 0.484366 0.430077 0.036350 0.010038
3 0.510834 0.512266 0.037055 0.011293
3 0.552125 0.240291 0.034938 0.013175
3 0.575240 0.277307 0.035291 0.011920
3 0.621824 0.303971 0.034585 0.010038
3 0.563418 0.312127 0.036350 0.011293