0 0.429674 0.590151 0.036422 0.052910
0 0.508242 0.551116 0.025391 0.059200
0 0.473797 0.466755 0.029762 0.053280
1 0.548410 0.277500 0.024975 0.049210
1 0.573697 0.323380 0.026848 0.055130
1 0.620109 0.340030 0.030178 0.058090
1 0.531968 0.479705 0.059108 0.085840
3 0.470883 0.429570 0.032259 0.005550
3 0.532801 0.427350 0.031635 0.004810
3 0.511156 0.513006 0.031635 0.004440
3 0.621462 0.304510 0.031635 0.005550
3 0.551011 0.239390 0.031011 0.005550
3 0.575674 0.278240 0.031635 0.006290
3 0.432276 0.555371 0.033716 0.006290