0 0.445908 0.362415 0.026848 0.050320
0 0.467241 0.394235 0.025808 0.044400
0 0.491904 0.429385 0.025599 0.049580
1 0.585768 0.275465 0.033092 0.055500
1 0.556319 0.244015 0.020396 0.048100
1 0.539773 0.201465 0.023934 0.050320
2 0.520105 0.328190 0.054529 0.089170
3 0.446741 0.322085 0.031843 0.005920
3 0.468906 0.358345 0.032884 0.005180
3 0.492320 0.391645 0.032259 0.005920
3 0.517711 0.272690 0.032259 0.006290
3 0.587017 0.241610 0.032259 0.006290
3 0.565060 0.205165 0.032051 0.005180
3 0.547369 0.163725 0.031635 0.005180