0 0.491949 0.428415 0.027861 0.054600
0 0.465075 0.402480 0.022376 0.051090
0 0.430853 0.372060 0.031151 0.062790
1 0.541966 0.203775 0.024351 0.055380
1 0.558529 0.245895 0.023693 0.040560
1 0.583867 0.274950 0.029616 0.050310
2 0.518822 0.325455 0.049579 0.089700
3 0.434692 0.332865 0.032687 0.006240
3 0.468915 0.358215 0.032248 0.005460
3 0.491510 0.391560 0.033126 0.005850
3 0.517506 0.272805 0.032029 0.005460
3 0.547561 0.163800 0.031590 0.005070
3 0.563575 0.206895 0.032906 0.005460
3 0.587048 0.241800 0.032906 0.005850