0 0.475046 0.410330 0.030594 0.055870
0 0.526453 0.473230 0.033092 0.060310
0 0.502518 0.427165 0.021853 0.058460
1 0.625833 0.286935 0.027056 0.055500
1 0.671100 0.360750 0.028097 0.060310
1 0.636655 0.330225 0.027473 0.057720
2 0.580669 0.421245 0.057026 0.088060
3 0.479000 0.373330 0.031843 0.004070
3 0.506473 0.388685 0.032259 0.005180
3 0.527597 0.431420 0.032468 0.004810
3 0.582647 0.361860 0.032259 0.005550
3 0.675158 0.323195 0.033300 0.005920
3 0.641650 0.294150 0.032051 0.004810
3 0.629475 0.248085 0.031843 0.005180