0 0.377773 0.737133 0.043966 0.054113
0 0.534555 0.509861 0.034787 0.055659
0 0.518128 0.460730 0.024351 0.046726
1 0.600649 0.267299 0.029375 0.052910
1 0.630218 0.316773 0.025897 0.047413
1 0.656115 0.360750 0.027443 0.059781
2 0.566636 0.345633 0.050247 0.085893
3 0.606581 0.224960 0.032676 0.005550
3 0.633741 0.283420 0.032468 0.004810
3 0.659341 0.315425 0.032884 0.005180
3 0.563499 0.291560 0.032676 0.005550
3 0.526036 0.415510 0.033508 0.005550
3 0.536339 0.463795 0.032468 0.005920
3 0.388154 0.686166 0.032468 0.005920