0 0.310696 0.734327 0.049603 0.071348
0 0.322195 0.646946 0.054563 0.058522
0 0.457927 0.419673 0.034722 0.065737
1 0.602002 0.260943 0.033369 0.060927
1 0.572015 0.206830 0.032017 0.060125
1 0.617785 0.206429 0.038781 0.060927
2 0.522863 0.300390 0.076209 0.096530
3 0.579402 0.163611 0.031990 0.005942
3 0.620583 0.158730 0.032229 0.004669
3 0.606379 0.206901 0.031513 0.005093
3 0.528194 0.240430 0.032229 0.005942
3 0.463020 0.365631 0.032706 0.006791
3 0.325630 0.600755 0.031990 0.005093
3 0.324437 0.680121 0.031990 0.005942