0 0.385251 0.587622 0.047198 0.073753
0 0.389460 0.520817 0.039382 0.053444
0 0.456950 0.412324 0.033670 0.081236
1 0.580658 0.318796 0.034572 0.052376
1 0.602152 0.245043 0.038480 0.061996
1 0.565025 0.233820 0.038781 0.060927
2 0.530153 0.309711 0.060426 0.099407
3 0.395473 0.475923 0.032167 0.005344
3 0.396224 0.538453 0.031866 0.005344
3 0.461760 0.365026 0.031866 0.004810
3 0.527493 0.253450 0.032259 0.005550
3 0.572448 0.191660 0.032259 0.004810
3 0.604708 0.197765 0.032676 0.005180
3 0.586081 0.274725 0.032884 0.004440