1 0.442624 0.277207 0.040664 0.049273
1 0.475968 0.286229 0.041477 0.053437
1 0.511548 0.300108 0.046763 0.064541
1 0.649389 0.162779 0.043954 0.054889
1 0.711031 0.102859 0.046098 0.061292
0 0.569114 0.344709 0.050246 0.070878
0 0.514510 0.377960 0.048708 0.076128
0 0.475287 0.382773 0.047170 0.071753
2 0.449139 0.239705 0.043068 0.011375
2 0.478620 0.246705 0.044606 0.013126
2 0.514510 0.261143 0.043581 0.012250
2 0.573472 0.295707 0.042555 0.011375
2 0.518868 0.333771 0.041017 0.010500
2 0.477082 0.341209 0.041530 0.007875
2 0.575267 0.106262 0.044094 0.014001
2 0.651918 0.117200 0.042555 0.009625
2 0.714033 0.062830 0.041274 0.007044
3 0.573998 0.160943 0.052476 0.092579