0 0.475888 0.341840 0.044998 0.073618
0 0.482715 0.209964 0.038791 0.074677
0 0.524299 0.162032 0.041894 0.062496
1 0.607133 0.102115 0.035377 0.052449
1 0.650014 0.068573 0.036092 0.052449
1 0.520833 0.214332 0.035735 0.050010
1 0.545490 0.285077 0.035020 0.058548
1 0.529946 0.259158 0.033233 0.050619
2 0.488672 0.169811 0.042167 0.010978
2 0.529946 0.128035 0.041810 0.009148
2 0.523692 0.176825 0.043596 0.011588
2 0.534591 0.222870 0.043239 0.010978
2 0.547992 0.246350 0.042882 0.011588
2 0.611242 0.062169 0.042882 0.009148
2 0.652873 0.030455 0.041810 0.007928