0 0.364162 0.457083 0.053347 0.090087
0 0.431267 0.285535 0.048293 0.065169
0 0.466644 0.305181 0.053908 0.064211
1 0.546138 0.289269 0.036483 0.052830
1 0.529371 0.261596 0.039062 0.050314
1 0.519973 0.213797 0.035009 0.054088
1 0.549270 0.189898 0.038325 0.059119
1 0.580226 0.115369 0.036114 0.062264
1 0.533424 0.115998 0.034640 0.058491
2 0.535267 0.070086 0.041274 0.011950
2 0.581515 0.072917 0.041642 0.008805
2 0.553140 0.153105 0.042379 0.008176
2 0.522737 0.176690 0.041274 0.010063
2 0.533977 0.222602 0.042379 0.011321
2 0.547428 0.246816 0.042011 0.011950
2 0.431899 0.227948 0.043116 0.009434
2 0.468197 0.267256 0.042011 0.010063
2 0.369435 0.434552 0.040537 0.008805