2 0.285662 0.335849 0.042697 0.010410
2 0.327749 0.425374 0.042290 0.010410
2 0.448113 0.239731 0.043917 0.011104
2 0.480657 0.234526 0.036623 0.013186
2 0.519275 0.234526 0.042290 0.010410
2 0.464582 0.295944 0.042697 0.012492
2 0.486337 0.342442 0.042290 0.013880
2 0.574391 0.153407 0.042748 0.012579
2 0.583481 0.241876 0.042256 0.010063
2 0.614682 0.265776 0.043730 0.009224
0 0.282002 0.370549 0.044730 0.058295
0 0.321649 0.462850 0.037817 0.056907
1 0.483694 0.379224 0.042290 0.052049
1 0.462345 0.341054 0.036191 0.061765
1 0.448520 0.281371 0.041884 0.057601
1 0.482474 0.273390 0.039037 0.056907
1 0.572170 0.189937 0.040566 0.054742
1 0.579009 0.277283 0.042925 0.058767
1 0.610849 0.301031 0.044340 0.056352
3 0.525943 0.283321 0.065094 0.085333