0 0.369988 0.404140 0.047661 0.065409
0 0.501916 0.215461 0.039308 0.065409
0 0.572671 0.141247 0.040291 0.061216
1 0.437795 0.306447 0.041765 0.062893
1 0.495037 0.286321 0.043239 0.047799
1 0.495774 0.349633 0.039800 0.063732
1 0.529186 0.336216 0.040782 0.050314
2 0.367777 0.358438 0.045204 0.015933
2 0.440989 0.266195 0.045204 0.010901
2 0.507075 0.176468 0.040782 0.007547
2 0.497003 0.251520 0.042256 0.011740
2 0.532871 0.295545 0.045204 0.009224
2 0.500442 0.309382 0.046187 0.013417
2 0.573899 0.099738 0.041765 0.011740