0 0.414828 0.415784 0.038421 0.064922
0 0.497756 0.347292 0.042985 0.062974
1 0.532182 0.272631 0.037279 0.068168
1 0.523052 0.221018 0.037279 0.055833
1 0.550061 0.201217 0.033475 0.065571
1 0.575167 0.113248 0.035758 0.054534
1 0.532372 0.106431 0.035377 0.056482
2 0.535035 0.069750 0.042985 0.007791
2 0.580873 0.073970 0.042605 0.011037
2 0.553294 0.153175 0.041464 0.009738
2 0.523052 0.177196 0.041844 0.009738
2 0.533894 0.222317 0.042985 0.009089
2 0.495473 0.310286 0.042985 0.008440
2 0.420344 0.372936 0.041083 0.010388