0 0.458194 0.473565 0.041464 0.059728
0 0.474741 0.423575 0.044127 0.051938
0 0.438033 0.393386 0.039181 0.051288
1 0.632418 0.293406 0.042985 0.061676
1 0.579542 0.182715 0.038421 0.049341
1 0.579162 0.284642 0.039942 0.053236
1 0.497185 0.338852 0.035758 0.051288
1 0.447543 0.276202 0.036899 0.048042
1 0.479306 0.283343 0.031193 0.054534
1 0.460286 0.335281 0.039562 0.055833
1 0.520476 0.290871 0.044668 0.101849
2 0.460799 0.438155 0.042524 0.013417
2 0.469375 0.391500 0.043239 0.011588
2 0.434534 0.361006 0.041452 0.009148
2 0.448113 0.239947 0.040738 0.009758
2 0.478845 0.246045 0.044311 0.009758
2 0.464372 0.295750 0.042524 0.009148
2 0.500286 0.299714 0.042882 0.008538
2 0.519940 0.232933 0.042167 0.009148
2 0.582297 0.143587 0.042524 0.009758
2 0.582654 0.242081 0.042524 0.010368
2 0.630003 0.250010 0.042882 0.009148