3 0.525671 0.385051 0.064405 0.091340
0 0.323159 0.462458 0.040366 0.061925
0 0.394367 0.313449 0.043088 0.064248
1 0.446753 0.277068 0.037192 0.051863
1 0.461040 0.339381 0.038552 0.058829
1 0.482583 0.378084 0.035377 0.054185
1 0.576923 0.282100 0.037192 0.060377
1 0.611620 0.307644 0.035831 0.063474
1 0.575336 0.193082 0.042181 0.058829
2 0.327467 0.426463 0.043541 0.011611
2 0.387110 0.275907 0.043995 0.010837
2 0.447886 0.240300 0.042181 0.012385
2 0.464668 0.294872 0.042181 0.011611
2 0.484624 0.341703 0.042181 0.010837
2 0.527939 0.334736 0.041727 0.010837
2 0.583273 0.242235 0.043541 0.008515
2 0.613661 0.266618 0.042634 0.010837
2 0.574429 0.152830 0.042181 0.010837