1 0.529678 0.106866 0.035869 0.052830
1 0.576602 0.113574 0.037343 0.056184
1 0.553754 0.190723 0.041765 0.062893
1 0.524518 0.214203 0.033412 0.056184
1 0.532380 0.266195 0.034395 0.057862
0 0.440006 0.328249 0.046187 0.049476
0 0.435829 0.376468 0.035869 0.063732
0 0.338050 0.472065 0.046678 0.065409
2 0.534591 0.069549 0.042748 0.011740
2 0.581761 0.072065 0.042748 0.011740
2 0.554000 0.152149 0.042256 0.007547
2 0.524027 0.176468 0.042256 0.007547
2 0.442954 0.297642 0.042256 0.006709
2 0.438891 0.335398 0.042332 0.009289
2 0.337294 0.433704 0.041727 0.009805