2 0.339623 0.433145 0.041274 0.010063
2 0.425118 0.251509 0.040094 0.007044
2 0.473467 0.265094 0.042453 0.012075
2 0.522995 0.175535 0.043632 0.012075
2 0.534198 0.222830 0.041274 0.012075
2 0.546875 0.246981 0.041863 0.012075
2 0.553205 0.153570 0.042314 0.011839
2 0.534996 0.069219 0.041967 0.008879
2 0.580085 0.072771 0.041274 0.008879
0 0.338166 0.475287 0.042314 0.059785
0 0.416378 0.297410 0.051679 0.075768
0 0.480889 0.306289 0.043355 0.059193
1 0.546441 0.288531 0.039886 0.052090
1 0.530140 0.260118 0.037805 0.049723
1 0.516440 0.216315 0.034684 0.055642
1 0.550950 0.195006 0.039886 0.061561
1 0.533435 0.112727 0.035377 0.059193
1 0.579564 0.109323 0.038152 0.058898