2 0.336675 0.433648 0.044811 0.010063
2 0.408314 0.314906 0.043042 0.012075
2 0.419811 0.372264 0.041274 0.010063
2 0.535040 0.222210 0.041779 0.009775
2 0.522574 0.176208 0.043127 0.013226
2 0.553403 0.153208 0.041442 0.009775
2 0.535040 0.068967 0.041779 0.010350
2 0.580694 0.073279 0.042790 0.009775
1 0.531503 0.108068 0.032682 0.054052
1 0.575640 0.113819 0.040094 0.052902
1 0.552392 0.190296 0.040768 0.060952
1 0.524259 0.214160 0.041105 0.054627
1 0.531334 0.266774 0.038410 0.056352
0 0.333895 0.482983 0.045485 0.071878
0 0.418127 0.415130 0.038747 0.060377
0 0.413241 0.358491 0.048518 0.050602