1 0.620573 0.409259 0.0328125 0.0722222
0 0.567969 0.306944 0.0307292 0.0472222
3 0.572656 0.293056 0.0328125 0.0472222
0 0.479948 0.479167 0.0338542 0.0564815
3 0.514063 0.326852 0.034375 0.0148148
0 0.471615 0.422222 0.0276042 0.0481481
1 0.615365 0.362037 0.0307292 0.0537037
3 0.569271 0.277315 0.0395833 0.0101852
0 0.471615 0.443981 0.0338542 0.075
0 0.530208 0.297685 0.0291667 0.0527778
0 0.515365 0.371296 0.0390625 0.0722222
0 0.472135 0.467593 0.0307292 0.0462963
1 0.532812 0.303704 0.0385417 0.0444444
3 0.610677 0.316204 0.0432292 0.0157407
1 0.589844 0.356944 0.0317708 0.0416667
0 0.500521 0.504167 0.040625 0.0435185
1 0.613802 0.387963 0.0265625 0.0481481
1 0.572135 0.305556 0.0265625 0.0444444
3 0.536979 0.266667 0.040625 0.012963
1 0.631771 0.436111 0.0333333 0.0537037
