3 0.452344 0.386111 0.0401042 0.0462963
0 0.507552 0.415278 0.0369792 0.0675926
3 0.445833 0.526852 0.04375 0.0203704
1 0.485417 0.492593 0.0354167 0.0592593
3 0.48776 0.452315 0.0432292 0.0138889
0 0.451823 0.39213 0.0348958 0.0509259
3 0.492188 0.460648 0.0416667 0.012037
1 0.50651 0.537963 0.0296875 0.0555556
3 0.505469 0.480093 0.0411458 0.0138889
1 0.520573 0.60787 0.0369792 0.0546296
3 0.423698 0.548148 0.0421875 0.0111111
1 0.450521 0.390741 0.0333333 0.0481481
1 0.485677 0.399537 0.0255208 0.0527778
0 0.351562 0.585648 0.0375 0.0564815
3 0.488281 0.366204 0.0421875 0.012037
3 0.358073 0.429167 0.0401042 0.012037
3 0.36224 0.443056 0.0359375 0.0490741
0 0.522917 0.60463 0.0354167 0.0574074
1 0.503646 0.55787 0.0354167 0.0564815
1 0.504687 0.515741 0.0458333 0.0611111
3 0.35 0.5625 0.0385417 0.0157407
1 0.511458 0.413426 0.0302083 0.0583333
3 0.502604 0.472222 0.0416667 0.012963
0 0.429427 0.587037 0.0411458 0.0703704
0 0.332552 0.653241 0.0526042 0.0916667
0 0.447135 0.576852 0.0421875 0.0648148
3 0.483333 0.448611 0.0375 0.012037
3 0.451823 0.359722 0.0432292 0.0194444
3 0.447135 0.53287 0.0390625 0.0138889
