3 0.517708 0.374074 0.0364583 0.0148148
3 0.325781 0.589815 0.0442708 0.0166667
3 0.33125 0.566204 0.04375 0.0138889
1 0.509115 0.553241 0.0390625 0.0490741
3 0.422135 0.556019 0.0390625 0.012037
3 0.509896 0.556019 0.0333333 0.0342593
3 0.479948 0.371296 0.0411458 0.0277778
1 0.484635 0.403241 0.0348958 0.0768519
3 0.480469 0.364352 0.0401042 0.012037
3 0.360417 0.44213 0.04375 0.0601852
0 0.361458 0.457407 0.0479167 0.062963
1 0.365365 0.455556 0.0473958 0.0555556
3 0.481771 0.413426 0.0333333 0.0342593
3 0.50599 0.531482 0.0328125 0.0296296
3 0.50026 0.486574 0.0421875 0.0194444
3 0.36276 0.423611 0.0453125 0.0175926
1 0.451562 0.391667 0.034375 0.05
1 0.528385 0.597222 0.0359375 0.0648148
0 0.51276 0.406019 0.0348958 0.062037
0 0.428906 0.595833 0.0473958 0.0712963
3 0.482812 0.446296 0.040625 0.0111111
0 0.452083 0.39213 0.034375 0.0490741
3 0.491927 0.466667 0.0411458 0.012963
0 0.527865 0.599074 0.0401042 0.062963
3 0.452344 0.358333 0.0442708 0.0185185
3 0.502344 0.514815 0.0359375 0.0296296
3 0.328125 0.580093 0.0416667 0.0175926
0 0.445573 0.575463 0.0473958 0.0712963
3 0.451302 0.526852 0.0484375 0.0166667
0 0.330208 0.643519 0.0625 0.1
