1 0.458854 0.617593 0.0333333 0.0592593
3 0.438281 0.494444 0.0411458 0.0240741
3 0.498698 0.35463 0.0338542 0.0388889
1 0.360156 0.452315 0.0390625 0.062037
1 0.49974 0.364815 0.0401042 0.0592593
0 0.479688 0.647222 0.0395833 0.0537037
3 0.436979 0.384722 0.040625 0.0157407
3 0.310156 0.572222 0.0473958 0.0148148
1 0.416146 0.438426 0.03125 0.0675926
0 0.358854 0.457407 0.0458333 0.0611111
1 0.441406 0.440278 0.0348958 0.0546296
3 0.358333 0.426852 0.0458333 0.0166667
3 0.476823 0.573148 0.0390625 0.0240741
3 0.482292 0.525926 0.04375 0.012963
3 0.436719 0.392593 0.0411458 0.0185185
1 0.470313 0.615278 0.03125 0.0472222
3 0.47474 0.613426 0.0390625 0.0305556
0 0.388542 0.646759 0.0354167 0.0638889
1 0.482292 0.564815 0.0489583 0.0611111
0 0.436979 0.629167 0.0385417 0.0638889
0 0.302083 0.609259 0.0447917 0.062963
1 0.441146 0.512963 0.0364583 0.0666667
1 0.551042 0.575926 0.0416667 0.0703704
3 0.55026 0.537963 0.0401042 0.0111111
1 0.48125 0.657407 0.034375 0.0666667
0 0.336458 0.649537 0.0614583 0.0898148
