3 0.479688 0.441667 0.0364583 0.0166667
3 0.360677 0.41713 0.0421875 0.0175926
3 0.50026 0.49213 0.0338542 0.0194444
3 0.482812 0.37037 0.040625 0.0277778
3 0.426042 0.553704 0.040625 0.0148148
1 0.507031 0.527315 0.0286458 0.0527778
1 0.500521 0.500926 0.0291667 0.0407407
0 0.36276 0.463426 0.0369792 0.0990741
0 0.510938 0.419907 0.0322917 0.062037
0 0.525521 0.606019 0.0427083 0.0675926
0 0.50625 0.555556 0.03125 0.05
3 0.488281 0.473148 0.0411458 0.0222222
1 0.45026 0.398611 0.0328125 0.0564815
1 0.504687 0.512963 0.0385417 0.0425926
1 0.52474 0.608796 0.0411458 0.0675926
1 0.491927 0.490741 0.0401042 0.05
0 0.45026 0.395833 0.0369792 0.0583333
3 0.515365 0.377315 0.0421875 0.0101852
1 0.485156 0.406944 0.0307292 0.0657407
1 0.48125 0.475463 0.0385417 0.0527778
0 0.340885 0.638889 0.0619792 0.087037
1 0.513542 0.419907 0.0354167 0.0601852
3 0.454688 0.362037 0.046875 0.0185185
0 0.29375 0.617593 0.0458333 0.0611111
0 0.438802 0.580556 0.0390625 0.0592593
1 0.503906 0.5625 0.0348958 0.0509259
3 0.448177 0.525463 0.0494792 0.0175926
