3 0.513542 0.403241 0.0395833 0.0527778
3 0.480469 0.440278 0.0328125 0.0416667
3 0.46849 0.363426 0.0734375 0.0268519
1 0.482552 0.410185 0.0369792 0.0592593
1 0.507552 0.507407 0.0442708 0.0518519
3 0.486198 0.465741 0.0369792 0.0240741
0 0.516667 0.601852 0.0427083 0.062963
1 0.521094 0.606019 0.0463542 0.0638889
3 0.506771 0.492593 0.0385417 0.0185185
3 0.510156 0.556481 0.0359375 0.0203704
3 0.319271 0.572685 0.0416667 0.0157407
0 0.426302 0.580556 0.0369792 0.0574074
1 0.516146 0.421759 0.03125 0.0564815
3 0.482292 0.364352 0.046875 0.0138889
3 0.452344 0.360185 0.0494792 0.0203704
1 0.360938 0.466204 0.040625 0.0638889
1 0.452083 0.393519 0.034375 0.0555556
3 0.517708 0.381019 0.04375 0.0101852
0 0.359635 0.46713 0.0411458 0.0694444
0 0.439583 0.570833 0.0489583 0.0564815
3 0.359375 0.422222 0.04375 0.012963
3 0.448698 0.531944 0.0463542 0.0138889
0 0.338542 0.641667 0.0666667 0.1
