3 0.438281 0.471296 0.0442708 0.012963
1 0.482552 0.597222 0.0442708 0.0759259
1 0.419792 0.458796 0.0427083 0.0490741
0 0.482031 0.595833 0.0494792 0.0824074
1 0.396094 0.461111 0.0213542 0.037037
0 0.477865 0.662963 0.0411458 0.0537037
3 0.427083 0.466667 0.034375 0.0222222
1 0.402604 0.460185 0.0416667 0.0611111
3 0.559375 0.573148 0.0395833 0.0111111
3 0.334896 0.604167 0.04375 0.0101852
3 0.427865 0.513889 0.0453125 0.012963
1 0.479427 0.668981 0.0380208 0.062037
1 0.423698 0.547222 0.0307292 0.0592593
3 0.283594 0.609259 0.0421875 0.00925926
1 0.565885 0.613426 0.0432292 0.0675926
3 0.359375 0.420833 0.0364583 0.0101852
0 0.35651 0.462037 0.0380208 0.0703704
3 0.48099 0.543056 0.0484375 0.0175926
1 0.475781 0.356019 0.0453125 0.0601852
0 0.417708 0.659722 0.0395833 0.0675926
3 0.41875 0.619907 0.0447917 0.012037
0 0.372396 0.691667 0.040625 0.0648148
0 0.280469 0.651389 0.0515625 0.0657407
0 0.340885 0.648611 0.0515625 0.0861111
