3 0.517708 0.376852 0.0395833 0.00925926
3 0.501042 0.484259 0.0364583 0.0185185
0 0.304948 0.597685 0.0598958 0.0546296
1 0.333594 0.656482 0.0526042 0.122222
0 0.359896 0.461111 0.04375 0.0592593
0 0.483333 0.40463 0.03125 0.0481481
3 0.520573 0.567593 0.0473958 0.012963
3 0.425 0.559259 0.040625 0.0203704
0 0.429167 0.574537 0.0416667 0.0453704
0 0.513021 0.410648 0.03125 0.0509259
1 0.513542 0.411111 0.0322917 0.0537037
0 0.332292 0.656018 0.0635417 0.0972222
1 0.50625 0.551852 0.03125 0.0574074
0 0.451302 0.4 0.0338542 0.0537037
3 0.361198 0.414352 0.0453125 0.0157407
1 0.525521 0.607407 0.04375 0.0555556
1 0.503385 0.515741 0.0453125 0.0574074
0 0.444271 0.573148 0.0479167 0.0592593
3 0.449219 0.531018 0.0380208 0.0157407
1 0.363021 0.459722 0.040625 0.0657407
3 0.495833 0.471296 0.0385417 0.0111111
3 0.452604 0.359722 0.040625 0.012037
