3 0.382812 0.611111 0.0385417 0.0185185
3 0.444792 0.565741 0.0479167 0.00925926
0 0.43125 0.361574 0.0427083 0.0694444
3 0.37526 0.452778 0.0473958 0.0166667
0 0.408854 0.547685 0.0416667 0.0675926
0 0.361719 0.469907 0.0473958 0.0657407
3 0.436719 0.5875 0.0432292 0.0546296
3 0.383594 0.633333 0.0348958 0.0555556
0 0.372917 0.485185 0.05625 0.0611111
3 0.365625 0.44537 0.0427083 0.0259259
0 0.293229 0.681481 0.0458333 0.0814815
1 0.452083 0.6875 0.0364583 0.0564815
3 0.409635 0.514815 0.0369792 0.0296296
0 0.449479 0.683796 0.0416667 0.0527778
3 0.360156 0.427315 0.0401042 0.0157407
3 0.522135 0.630556 0.0348958 0.0166667
3 0.332292 0.599537 0.05 0.012037
3 0.402604 0.493519 0.0364583 0.0277778
1 0.427083 0.360648 0.0447917 0.0731481
1 0.4375 0.595833 0.0291667 0.0564815
3 0.451823 0.639815 0.0359375 0.0222222
1 0.413542 0.549074 0.0375 0.062963
0 0.383594 0.640278 0.0369792 0.0509259
1 0.521615 0.668981 0.0390625 0.0657407
0 0.339323 0.644444 0.0515625 0.0833333
0 0.323438 0.758796 0.04375 0.075
