3 0.557292 0.573611 0.0489583 0.0194444
0 0.367188 0.474537 0.0427083 0.0638889
3 0.41224 0.543519 0.0380208 0.0462963
1 0.405469 0.48287 0.0338542 0.0601852
1 0.379948 0.486111 0.0317708 0.0592593
3 0.335417 0.616204 0.0458333 0.0324074
3 0.378646 0.450463 0.0416667 0.0138889
3 0.376302 0.474074 0.0380208 0.0481481
0 0.408594 0.55 0.0369792 0.0648148
3 0.416927 0.630556 0.0453125 0.00925926
1 0.35625 0.460185 0.0333333 0.0592593
1 0.463021 0.601852 0.0395833 0.0648148
1 0.540625 0.625926 0.0385417 0.0703704
0 0.380729 0.484722 0.0385417 0.0453704
0 0.344271 0.709722 0.0479167 0.0731481
0 0.35599 0.462963 0.0348958 0.0574074
3 0.470833 0.544444 0.046875 0.012963
3 0.393229 0.645833 0.0427083 0.00833333
3 0.333854 0.60463 0.046875 0.012963
1 0.411719 0.548611 0.0338542 0.0675926
3 0.416146 0.437963 0.046875 0.0166667
3 0.358333 0.425 0.0385417 0.0111111
0 0.53724 0.627778 0.0421875 0.0666667
1 0.4625 0.577315 0.0260417 0.0546296
1 0.446094 0.352778 0.0380208 0.0592593
0 0.295312 0.680093 0.04375 0.0916667
0 0.334115 0.649074 0.0473958 0.0759259
1 0.470052 0.625926 0.0359375 0.0592593
3 0.290365 0.628704 0.0411458 0.012963
1 0.468229 0.673148 0.0395833 0.0722222
0 0.388542 0.691204 0.0458333 0.0712963
