3 0.509375 0.326852 0.0354167 0.0111111
3 0.534635 0.281944 0.0411458 0.0231481
3 0.616927 0.410648 0.0380208 0.0231481
1 0.609635 0.419444 0.0317708 0.0740741
3 0.625781 0.410185 0.0421875 0.012963
1 0.53099 0.304167 0.0265625 0.0416667
0 0.503385 0.512037 0.0411458 0.0592593
3 0.482292 0.431019 0.04375 0.0138889
3 0.517708 0.330556 0.0333333 0.0148148
3 0.63776 0.426852 0.0380208 0.0111111
3 0.630729 0.416204 0.0385417 0.0138889
1 0.59375 0.376389 0.0427083 0.0564815
1 0.582552 0.368056 0.0307292 0.0527778
3 0.591146 0.332407 0.0395833 0.00925926
0 0.514323 0.370833 0.0442708 0.0712963
1 0.609896 0.394907 0.0322917 0.0527778
1 0.567708 0.322222 0.0364583 0.0518519
0 0.473437 0.471759 0.0354167 0.0564815
3 0.570052 0.283333 0.0401042 0.0111111
3 0.538542 0.268519 0.0458333 0.0166667
1 0.632031 0.461111 0.0348958 0.062963
