1 0.457292 0.475926 0.0302083 0.0592593
3 0.419271 0.560185 0.0395833 0.012963
1 0.492708 0.574537 0.0354167 0.0731481
1 0.434635 0.411111 0.0421875 0.0537037
3 0.357292 0.425463 0.0395833 0.0157407
3 0.529948 0.511574 0.0421875 0.025
0 0.361458 0.461574 0.0489583 0.0546296
3 0.497396 0.484722 0.0447917 0.0175926
3 0.438021 0.404167 0.040625 0.0287037
3 0.332552 0.584259 0.0369792 0.0574074
1 0.363281 0.457407 0.0432292 0.0703704
3 0.458073 0.412963 0.0359375 0.0166667
3 0.489062 0.551852 0.0333333 0.0222222
3 0.436719 0.378704 0.0390625 0.0111111
1 0.514063 0.378704 0.0364583 0.0481481
0 0.33776 0.657407 0.0567708 0.0944444
3 0.511458 0.360648 0.0364583 0.025
3 0.448438 0.537963 0.04375 0.0203704
1 0.49375 0.603241 0.03125 0.0768519
1 0.486719 0.528704 0.0328125 0.0592593
1 0.497917 0.622222 0.0541667 0.0666667
0 0.332292 0.6 0.04375 0.0703704
0 0.409896 0.609722 0.0364583 0.062037
3 0.332031 0.561111 0.0473958 0.0111111
3 0.435156 0.374537 0.0307292 0.012037
1 0.532552 0.543519 0.0401042 0.0666667
0 0.451302 0.593518 0.0411458 0.062963
