0 0.44401 0.684722 0.0505208 0.0675926
3 0.228646 0.741667 0.0479167 0.012963
1 0.345573 0.49213 0.0473958 0.0712963
3 0.267969 0.646759 0.0473958 0.0138889
0 0.308073 0.684722 0.0515625 0.0935185
3 0.451823 0.624074 0.0411458 0.0407407
1 0.338281 0.653704 0.0442708 0.1
0 0.320833 0.66713 0.0625 0.0805556
3 0.332292 0.4375 0.04375 0.012037
1 0.44349 0.6875 0.0442708 0.062037
0 0.329948 0.477778 0.0348958 0.0648148
0 0.260938 0.701389 0.046875 0.075
3 0.407813 0.527315 0.0375 0.0342593
0 0.298698 0.669907 0.0359375 0.062037
0 0.225521 0.787037 0.0552083 0.0703704
3 0.393229 0.483333 0.0395833 0.0148148
1 0.410937 0.555093 0.034375 0.0583333
1 0.351823 0.508796 0.0338542 0.0583333
1 0.415365 0.62963 0.0411458 0.0592593
3 0.33099 0.608333 0.0463542 0.0111111
3 0.453906 0.605556 0.0442708 0.012963
1 0.503125 0.713889 0.0395833 0.0703704
1 0.330469 0.480093 0.0453125 0.0712963
