0 0.428646 0.619444 0.0427083 0.0592593
3 0.365885 0.453704 0.0307292 0.0314815
3 0.391146 0.46713 0.0354167 0.00833333
0 0.373958 0.602315 0.040625 0.0490741
3 0.376302 0.458796 0.0348958 0.0157407
3 0.452083 0.631481 0.034375 0.0277778
1 0.377344 0.588889 0.0338542 0.0481481
3 0.436719 0.574537 0.0442708 0.012037
0 0.422135 0.38287 0.0348958 0.0546296
3 0.427865 0.597222 0.0390625 0.0351852
3 0.300781 0.762963 0.0453125 0.0111111
3 0.441406 0.623148 0.0401042 0.0222222
1 0.427083 0.617593 0.0385417 0.0611111
3 0.295573 0.64537 0.0348958 0.0296296
3 0.402344 0.516667 0.0265625 0.0296296
3 0.376042 0.577778 0.0322917 0.0222222
3 0.413802 0.519444 0.0401042 0.0111111
3 0.335156 0.604167 0.0442708 0.0101852
1 0.359115 0.452778 0.0328125 0.0444444
3 0.509375 0.675463 0.040625 0.012037
3 0.431771 0.579167 0.0416667 0.012037
1 0.42474 0.388889 0.0380208 0.05
3 0.422396 0.351852 0.0354167 0.0166667
3 0.452604 0.641204 0.0322917 0.0175926
3 0.360417 0.426389 0.0354167 0.012037
1 0.376823 0.498148 0.0338542 0.0444444
1 0.505469 0.705093 0.0390625 0.0657407
1 0.454427 0.689352 0.0369792 0.0527778
0 0.298698 0.804167 0.0463542 0.0787037
0 0.341146 0.646759 0.05 0.0824074
1 0.411719 0.556019 0.0338542 0.0601852
