0 0.37526 0.491204 0.0411458 0.0583333
3 0.420573 0.598148 0.0286458 0.0425926
0 0.29375 0.675 0.0375 0.0703704
3 0.35625 0.429167 0.0416667 0.012037
3 0.401042 0.515741 0.0291667 0.0351852
0 0.263802 0.648611 0.0411458 0.0601852
3 0.409635 0.526852 0.0359375 0.0351852
3 0.452083 0.621296 0.0364583 0.0481481
3 0.422656 0.622222 0.0317708 0.0444444
1 0.448698 0.684259 0.0484375 0.0481481
3 0.41849 0.584722 0.0338542 0.0175926
3 0.327865 0.45 0.0380208 0.05
1 0.452604 0.636111 0.0375 0.0777778
3 0.364062 0.452315 0.0375 0.037963
3 0.373177 0.45463 0.0442708 0.0166667
1 0.328646 0.465741 0.0364583 0.0388889
3 0.332031 0.430093 0.0473958 0.012037
3 0.449219 0.671296 0.0432292 0.037037
1 0.376563 0.494907 0.0291667 0.0509259
1 0.4125 0.549074 0.0322917 0.0611111
3 0.265104 0.609259 0.04375 0.0111111
3 0.454688 0.605093 0.0427083 0.012037
0 0.222135 0.766667 0.0473958 0.0796296
1 0.499479 0.713889 0.0416667 0.0740741
3 0.332292 0.605556 0.046875 0.0111111
1 0.420573 0.620833 0.0307292 0.0564815
0 0.329167 0.651852 0.0520833 0.0851852
