3 0.266406 0.646296 0.0432292 0.0240741
3 0.363281 0.444907 0.0453125 0.0361111
3 0.297135 0.646759 0.0348958 0.0342593
0 0.291146 0.673611 0.0354167 0.075
0 0.373698 0.480556 0.0338542 0.0611111
3 0.417188 0.599074 0.0395833 0.0240741
0 0.402604 0.55787 0.04375 0.0638889
0 0.228385 0.773148 0.0390625 0.0777778
3 0.398698 0.5125 0.0317708 0.0212963
0 0.434635 0.69213 0.0401042 0.0546296
1 0.452865 0.636574 0.0432292 0.0472222
3 0.263802 0.657407 0.0432292 0.0185185
3 0.35599 0.430093 0.0442708 0.012037
0 0.3 0.661111 0.0354167 0.0611111
3 0.455469 0.625463 0.0390625 0.0509259
1 0.49974 0.718982 0.0463542 0.0731481
3 0.390625 0.493519 0.0395833 0.0203704
1 0.33125 0.48287 0.0395833 0.0601852
0 0.329167 0.48287 0.0385417 0.0546296
0 0.499219 0.71713 0.0505208 0.0694444
1 0.415885 0.631481 0.0390625 0.0592593
3 0.266667 0.607407 0.0541667 0.012963
3 0.329167 0.439815 0.0427083 0.0148148
3 0.373958 0.464815 0.0385417 0.0185185
3 0.454427 0.606019 0.0442708 0.012037
0 0.257552 0.693519 0.0421875 0.0740741
1 0.408594 0.556944 0.0380208 0.0731481
0 0.33776 0.649074 0.0494792 0.0833333
1 0.440365 0.699074 0.0463542 0.0759259
3 0.334896 0.605556 0.046875 0.0111111
