0 0.404167 0.547222 0.0427083 0.062963
3 0.394531 0.480556 0.0411458 0.00925926
3 0.432031 0.634259 0.0359375 0.0203704
3 0.426042 0.626852 0.0416667 0.0388889
1 0.396354 0.510185 0.046875 0.0444444
3 0.248177 0.8125 0.0442708 0.0175926
0 0.502344 0.71713 0.0515625 0.0657407
3 0.444531 0.635185 0.0328125 0.0277778
3 0.429167 0.595833 0.0427083 0.012037
3 0.399479 0.516667 0.0322917 0.0314815
0 0.364062 0.481019 0.0427083 0.0675926
0 0.414062 0.621296 0.0385417 0.0611111
3 0.29349 0.639815 0.0411458 0.0203704
3 0.295573 0.631944 0.0421875 0.012037
3 0.376042 0.466667 0.0364583 0.0166667
3 0.376042 0.399074 0.040625 0.0407407
3 0.326042 0.593518 0.0416667 0.0407407
3 0.443229 0.6 0.0427083 0.0111111
3 0.365625 0.463426 0.0385417 0.0305556
3 0.38125 0.384259 0.04375 0.012963
1 0.440885 0.686111 0.0432292 0.0592593
3 0.370052 0.415278 0.0369792 0.0231481
0 0.294792 0.682407 0.0458333 0.0740741
0 0.441146 0.683796 0.040625 0.0564815
1 0.409896 0.555556 0.040625 0.05
3 0.294531 0.67037 0.0421875 0.037037
3 0.363802 0.425 0.0380208 0.0111111
0 0.322917 0.587037 0.0416667 0.0648148
0 0.341667 0.659722 0.0520833 0.0842593
0 0.243229 0.850463 0.0583333 0.0694444
