0 0.44349 0.678241 0.0317708 0.0435185
1 0.442448 0.681481 0.0411458 0.0574074
3 0.295312 0.63287 0.0364583 0.0175926
0 0.38125 0.510185 0.04375 0.0518519
3 0.294792 0.646296 0.034375 0.037037
0 0.430469 0.634259 0.0473958 0.0611111
3 0.404427 0.385185 0.0380208 0.0296296
0 0.3375 0.626852 0.05 0.087037
1 0.409896 0.55463 0.0395833 0.0537037
3 0.442187 0.641204 0.0416667 0.0268519
3 0.398958 0.515741 0.034375 0.0407407
0 0.505729 0.707407 0.0447917 0.0555556
3 0.40651 0.52963 0.0338542 0.0259259
1 0.508073 0.710185 0.0421875 0.062963
1 0.404687 0.40463 0.034375 0.0555556
3 0.338802 0.602778 0.0380208 0.0185185
3 0.428125 0.638426 0.0427083 0.025
3 0.507292 0.695833 0.0427083 0.0398148
0 0.41875 0.625926 0.0364583 0.0592593
3 0.36276 0.450926 0.0411458 0.0444444
0 0.354948 0.585648 0.0411458 0.062037
0 0.404427 0.403704 0.0348958 0.0481481
1 0.395833 0.507407 0.0364583 0.0574074
3 0.370833 0.45463 0.0385417 0.0222222
3 0.360156 0.424537 0.0380208 0.0101852
0 0.442448 0.680556 0.0505208 0.0611111
0 0.291927 0.673148 0.0380208 0.0685185
3 0.376563 0.461111 0.0395833 0.0148148
0 0.328906 0.650463 0.0484375 0.0787037
0 0.272656 0.843982 0.0432292 0.0824074
3 0.43099 0.585185 0.0421875 0.0148148
