3 0.272917 0.618056 0.04375 0.0268519
3 0.420573 0.601852 0.0317708 0.0351852
3 0.449219 0.670833 0.0369792 0.0435185
0 0.408854 0.549074 0.04375 0.0555556
3 0.407813 0.525926 0.034375 0.0240741
1 0.44349 0.639815 0.0421875 0.0555556
3 0.440885 0.601852 0.0453125 0.00925926
1 0.371354 0.482407 0.0395833 0.0685185
1 0.397396 0.512037 0.0416667 0.0425926
3 0.391927 0.488426 0.0348958 0.0268519
3 0.366927 0.462963 0.0359375 0.0222222
3 0.33099 0.597222 0.0463542 0.0111111
3 0.4 0.52037 0.034375 0.0351852
1 0.330469 0.421296 0.0453125 0.0592593
1 0.50026 0.713889 0.0369792 0.0722222
1 0.417969 0.623611 0.0338542 0.0490741
0 0.220052 0.793519 0.0442708 0.0796296
1 0.411458 0.550463 0.0364583 0.0601852
3 0.273438 0.603704 0.046875 0.012963
0 0.273958 0.640741 0.0385417 0.0703704
1 0.447656 0.685185 0.0359375 0.0462963
0 0.340885 0.645833 0.0536458 0.0805556
