0 0.402083 0.549537 0.0395833 0.0583333
1 0.495573 0.709722 0.0401042 0.0638889
3 0.326042 0.583333 0.0510417 0.0222222
1 0.433854 0.632407 0.053125 0.0592593
1 0.370313 0.48287 0.0479167 0.0527778
3 0.446615 0.593056 0.0432292 0.0157407
3 0.340104 0.608333 0.0479167 0.0111111
0 0.351042 0.411574 0.0375 0.062037
3 0.399479 0.513889 0.03125 0.0222222
3 0.364844 0.459259 0.0348958 0.0259259
0 0.319271 0.653241 0.053125 0.0731481
3 0.347656 0.408796 0.0432292 0.0490741
3 0.297656 0.633796 0.0463542 0.0342593
1 0.349479 0.412963 0.0385417 0.0555556
3 0.332552 0.599537 0.0442708 0.0138889
1 0.451042 0.631019 0.0364583 0.062037
1 0.415625 0.627315 0.034375 0.0564815
0 0.296875 0.669907 0.046875 0.0787037
1 0.446094 0.687037 0.0401042 0.0703704
1 0.409375 0.553241 0.034375 0.0601852
0 0.494531 0.716667 0.0442708 0.0574074
3 0.299479 0.625926 0.0333333 0.0240741
0 0.342187 0.646296 0.05625 0.0814815
0 0.220573 0.833333 0.0421875 0.0796296
