0 0.419531 0.619444 0.0369792 0.0555556
3 0.419792 0.598148 0.0364583 0.037037
1 0.375521 0.489815 0.03125 0.0555556
3 0.342708 0.42963 0.0458333 0.00925926
1 0.355469 0.453704 0.0328125 0.0518519
3 0.402344 0.491667 0.0348958 0.0148148
3 0.415104 0.573148 0.0322917 0.0240741
3 0.365885 0.456019 0.0359375 0.0324074
0 0.360677 0.458333 0.0328125 0.0481481
3 0.446615 0.643056 0.0348958 0.0268519
1 0.43724 0.697685 0.0463542 0.0583333
3 0.334896 0.608796 0.04375 0.0231481
1 0.410677 0.554167 0.0369792 0.0583333
3 0.33151 0.433333 0.0421875 0.0111111
0 0.4375 0.697222 0.04375 0.0703704
0 0.225521 0.774074 0.046875 0.0648148
0 0.40651 0.55 0.0401042 0.0592593
1 0.423958 0.627778 0.0270833 0.0518519
3 0.452604 0.601389 0.0395833 0.012037
0 0.328646 0.466667 0.0354167 0.0481481
3 0.354948 0.428241 0.0421875 0.00833333
3 0.374219 0.464815 0.0380208 0.0203704
1 0.500781 0.714815 0.0411458 0.062963
1 0.326042 0.475 0.040625 0.0537037
0 0.261979 0.649074 0.0385417 0.062963
3 0.266406 0.608796 0.0494792 0.0101852
0 0.335677 0.636574 0.0505208 0.0805556
3 0.403125 0.512037 0.034375 0.0185185
