3 0.582812 0.330093 0.03125 0.0101852
3 0.527604 0.313426 0.0291667 0.0490741
3 0.58776 0.353241 0.0296875 0.0342593
1 0.516667 0.362037 0.0416667 0.0722222
3 0.570573 0.290278 0.0317708 0.0342593
3 0.516927 0.331481 0.0359375 0.0259259
1 0.598437 0.383796 0.0385417 0.0564815
1 0.586979 0.363426 0.0354167 0.0398148
3 0.47474 0.444444 0.0338542 0.0296296
3 0.628385 0.408796 0.0390625 0.0157407
3 0.629948 0.416667 0.0369792 0.0148148
0 0.513802 0.368519 0.0421875 0.0722222
0 0.629948 0.47037 0.0421875 0.0611111
3 0.473958 0.433796 0.0385417 0.0138889
3 0.602083 0.356019 0.034375 0.0138889
1 0.605208 0.396759 0.0302083 0.0527778
1 0.531771 0.306481 0.034375 0.0444444
3 0.534896 0.269444 0.0416667 0.0148148
3 0.590885 0.335648 0.0411458 0.00833333
0 0.504948 0.510185 0.0317708 0.0555556
1 0.567187 0.31713 0.0302083 0.0453704
1 0.631771 0.467593 0.0395833 0.062963
0 0.476823 0.465741 0.0380208 0.0555556
