0 0.321875 0.660648 0.0635417 0.0731481
0 0.223438 0.776852 0.0479167 0.062963
1 0.454427 0.622222 0.0411458 0.062963
3 0.416927 0.606481 0.0348958 0.037037
0 0.373958 0.493056 0.04375 0.0601852
1 0.327865 0.477778 0.0421875 0.0555556
3 0.373958 0.464352 0.040625 0.0268519
3 0.39349 0.490741 0.0348958 0.0203704
3 0.401823 0.5125 0.0265625 0.0324074
0 0.407813 0.555556 0.0375 0.0574074
0 0.459115 0.631481 0.0432292 0.0574074
3 0.44375 0.668519 0.04375 0.0277778
0 0.295573 0.675 0.0411458 0.0722222
3 0.361719 0.448611 0.0369792 0.0435185
1 0.373437 0.494444 0.034375 0.0537037
3 0.265885 0.609259 0.0515625 0.0111111
1 0.504167 0.714352 0.04375 0.0712963
1 0.41875 0.625 0.0375 0.062963
3 0.360417 0.429167 0.04375 0.012037
3 0.45599 0.602778 0.0442708 0.0185185
0 0.329427 0.472685 0.0369792 0.0472222
3 0.329427 0.440741 0.0432292 0.0148148
0 0.264583 0.656018 0.040625 0.0675926
1 0.409115 0.561574 0.0390625 0.0638889
0 0.3375 0.644907 0.05 0.0842593
3 0.338021 0.608333 0.046875 0.012963
1 0.441927 0.693981 0.0442708 0.0657407
