3 0.295312 0.648148 0.0322917 0.0462963
3 0.295052 0.631481 0.0411458 0.0148148
3 0.444271 0.6625 0.0427083 0.0175926
3 0.409375 0.527778 0.0354167 0.0333333
0 0.408594 0.547685 0.0442708 0.0564815
3 0.327604 0.439815 0.0479167 0.012963
1 0.353385 0.535648 0.0453125 0.0638889
3 0.393229 0.484259 0.0416667 0.0185185
1 0.411979 0.551389 0.03125 0.0509259
0 0.349479 0.531018 0.0395833 0.062037
0 0.416146 0.614815 0.0333333 0.0537037
3 0.391927 0.478241 0.0484375 0.0157407
3 0.259115 0.661111 0.0380208 0.0296296
0 0.43724 0.689352 0.0442708 0.0601852
1 0.439583 0.697222 0.04375 0.0703704
1 0.417448 0.619444 0.0338542 0.0685185
1 0.453125 0.634259 0.0322917 0.0666667
0 0.326562 0.656018 0.0645833 0.0842593
3 0.452083 0.605093 0.04375 0.0138889
3 0.352865 0.485185 0.0421875 0.0185185
0 0.290885 0.669444 0.0359375 0.062963
1 0.327865 0.475 0.0473958 0.0685185
3 0.403385 0.516204 0.0421875 0.0175926
0 0.259635 0.689815 0.0369792 0.0611111
3 0.259115 0.653241 0.0432292 0.0101852
3 0.339323 0.600926 0.0505208 0.0185185
