0 0.503125 0.707407 0.0375 0.0592593
3 0.394531 0.479167 0.0432292 0.012037
1 0.341667 0.652778 0.0552083 0.101852
3 0.403385 0.527778 0.0390625 0.0518519
1 0.503385 0.712037 0.0369792 0.062963
3 0.339063 0.602315 0.0458333 0.0138889
3 0.39974 0.519907 0.0432292 0.025
0 0.402604 0.543056 0.0447917 0.0657407
3 0.418229 0.596759 0.0416667 0.0212963
0 0.352344 0.53287 0.0401042 0.0657407
3 0.394271 0.484259 0.040625 0.0166667
1 0.40625 0.544907 0.0375 0.0712963
3 0.414583 0.582407 0.0375 0.0148148
3 0.353125 0.488426 0.0385417 0.0194444
3 0.330208 0.437963 0.046875 0.0166667
1 0.451042 0.633333 0.0375 0.062963
0 0.225781 0.77037 0.0484375 0.0611111
1 0.354948 0.533333 0.0484375 0.0759259
1 0.33151 0.470833 0.0630208 0.0601852
1 0.440625 0.69537 0.04375 0.0740741
3 0.451562 0.6 0.0395833 0.012963
1 0.416667 0.625463 0.040625 0.0527778
