3 0.448698 0.64537 0.0380208 0.037037
3 0.501823 0.691204 0.0401042 0.037963
3 0.44349 0.654167 0.0463542 0.0157407
3 0.415625 0.593982 0.0416667 0.0194444
3 0.295312 0.632407 0.0447917 0.012963
3 0.29401 0.641667 0.0380208 0.0240741
0 0.254427 0.750926 0.0442708 0.0703704
0 0.2875 0.686111 0.0427083 0.0814815
0 0.297135 0.670833 0.0328125 0.0638889
3 0.392188 0.476852 0.0385417 0.00925926
3 0.398177 0.519907 0.0369792 0.0268519
1 0.33099 0.477315 0.0567708 0.0675926
1 0.452344 0.631944 0.0359375 0.0657407
3 0.330469 0.445833 0.0494792 0.0175926
3 0.353646 0.481481 0.0416667 0.0222222
3 0.258854 0.655093 0.040625 0.0101852
3 0.391667 0.487963 0.034375 0.0222222
3 0.452865 0.6 0.0411458 0.0148148
1 0.392448 0.51713 0.0421875 0.0509259
1 0.354948 0.524074 0.0421875 0.05
0 0.328646 0.652778 0.0510417 0.0814815
1 0.414844 0.631481 0.0359375 0.0555556
1 0.503906 0.716204 0.0369792 0.0601852
1 0.409896 0.559722 0.0427083 0.0675926
0 0.265885 0.695833 0.0390625 0.0675926
3 0.334115 0.605556 0.0453125 0.012963
1 0.436458 0.69537 0.0479167 0.062963
