3 0.571354 0.318981 0.034375 0.0490741
1 0.525521 0.314815 0.0302083 0.0814815
3 0.473437 0.434722 0.0354167 0.0138889
3 0.628646 0.415741 0.0395833 0.0203704
3 0.590625 0.350926 0.0385417 0.0259259
1 0.584115 0.365741 0.0317708 0.0425926
3 0.602865 0.358333 0.0401042 0.0148148
3 0.538542 0.291204 0.046875 0.0546296
3 0.584635 0.33287 0.0380208 0.0101852
1 0.518229 0.371296 0.0364583 0.0703704
3 0.567708 0.276852 0.0447917 0.0111111
0 0.478385 0.475 0.0348958 0.0703704
3 0.570573 0.290741 0.0401042 0.0462963
1 0.605469 0.394444 0.0307292 0.0481481
0 0.627344 0.463426 0.0473958 0.062037
1 0.570052 0.313889 0.0286458 0.0537037
3 0.591667 0.336574 0.0416667 0.0101852
3 0.630729 0.407407 0.0416667 0.0111111
1 0.628385 0.460185 0.0411458 0.0666667
0 0.504948 0.510648 0.0369792 0.0546296
1 0.533073 0.305556 0.0317708 0.0518519
3 0.53776 0.267593 0.0463542 0.0185185
