3 0.391927 0.528241 0.0369792 0.0361111
1 0.353125 0.46713 0.0416667 0.0564815
3 0.410937 0.588889 0.0395833 0.0240741
3 0.347917 0.434259 0.040625 0.0148148
3 0.353646 0.479167 0.0385417 0.0268519
3 0.31901 0.465741 0.0369792 0.0185185
0 0.241406 0.73287 0.0526042 0.0898148
3 0.460677 0.614815 0.0338542 0.0259259
3 0.253906 0.670833 0.0432292 0.012037
0 0.31849 0.707407 0.0453125 0.0833333
0 0.482292 0.719907 0.0395833 0.0675926
1 0.315625 0.499537 0.0427083 0.0509259
3 0.410156 0.623611 0.0390625 0.0527778
3 0.386719 0.488889 0.0505208 0.0185185
1 0.386198 0.534259 0.0380208 0.0537037
3 0.289583 0.640278 0.0447917 0.0175926
0 0.24401 0.778241 0.0526042 0.0731481
1 0.403385 0.576852 0.0442708 0.0574074
0 0.315885 0.496759 0.0411458 0.0527778
3 0.35 0.441667 0.03125 0.0240741
0 0.294531 0.693981 0.0338542 0.0768519
1 0.338802 0.52963 0.0401042 0.0518519
1 0.48151 0.722222 0.0463542 0.0666667
3 0.414062 0.595833 0.04375 0.0138889
0 0.41849 0.698148 0.0338542 0.0574074
1 0.460938 0.649537 0.0385417 0.0583333
1 0.407552 0.642593 0.0307292 0.0574074
0 0.248958 0.710185 0.0375 0.0574074
0 0.325781 0.681481 0.0515625 0.101852
3 0.458854 0.60463 0.0375 0.0148148
3 0.329688 0.614815 0.05625 0.0166667
3 0.40625 0.527778 0.04375 0.0148148
