0 0.407552 0.55463 0.0453125 0.062963
0 0.294271 0.679167 0.04375 0.0675926
1 0.352865 0.521759 0.0442708 0.0564815
3 0.453125 0.627778 0.04375 0.0518519
1 0.395052 0.523148 0.0411458 0.0518519
0 0.327344 0.479167 0.0359375 0.0546296
0 0.350781 0.519444 0.0338542 0.0555556
1 0.45026 0.634722 0.0359375 0.0583333
3 0.405208 0.522685 0.0395833 0.025
3 0.330729 0.60463 0.0489583 0.0111111
3 0.391406 0.481944 0.0442708 0.0138889
3 0.450521 0.604167 0.0489583 0.0138889
1 0.324219 0.478241 0.0442708 0.062037
3 0.33099 0.443056 0.0484375 0.0157407
3 0.353646 0.485185 0.040625 0.0166667
1 0.496615 0.716667 0.0401042 0.0648148
1 0.409375 0.558796 0.0479167 0.0564815
1 0.414323 0.628704 0.0380208 0.0703704
0 0.338542 0.651389 0.0583333 0.0916667
1 0.439583 0.693981 0.0416667 0.0638889
