3 0.397135 0.524537 0.0432292 0.037963
1 0.457292 0.634259 0.0447917 0.05
3 0.413542 0.579167 0.0364583 0.0194444
3 0.451302 0.604167 0.0463542 0.012037
0 0.286198 0.690278 0.0473958 0.0805556
3 0.454167 0.629167 0.040625 0.0490741
3 0.335677 0.608333 0.0463542 0.0314815
1 0.419271 0.625926 0.0385417 0.0685185
0 0.29349 0.661574 0.0411458 0.062037
1 0.352604 0.525 0.0354167 0.0592593
0 0.327083 0.482407 0.0375 0.0555556
1 0.327344 0.481944 0.0473958 0.0657407
1 0.409635 0.551389 0.0369792 0.0675926
0 0.266927 0.705093 0.0421875 0.0694444
3 0.259375 0.653704 0.0479167 0.0166667
1 0.501042 0.720833 0.0375 0.0694444
3 0.351562 0.480093 0.040625 0.0342593
3 0.332031 0.443056 0.0505208 0.0175926
1 0.395052 0.523148 0.0411458 0.0592593
0 0.334896 0.6375 0.0510417 0.0953704
1 0.43776 0.697685 0.0453125 0.0731481
3 0.391667 0.475 0.0489583 0.0148148
