3 0.383594 0.618056 0.0369792 0.0638889
3 0.277344 0.544907 0.0494792 0.0157407
0 0.455469 0.741667 0.0463542 0.0666667
3 0.334635 0.530093 0.0401042 0.0361111
1 0.355208 0.723148 0.040625 0.0833333
3 0.188281 0.80787 0.0505208 0.0583333
1 0.329167 0.54213 0.040625 0.0601852
3 0.195312 0.760648 0.0447917 0.0138889
3 0.352344 0.660648 0.0421875 0.0305556
3 0.303125 0.732407 0.0416667 0.0148148
3 0.455729 0.690278 0.05 0.0138889
3 0.267188 0.7625 0.0416667 0.00833333
3 0.45651 0.700926 0.0463542 0.0166667
3 0.379687 0.572685 0.0520833 0.0212963
1 0.279167 0.578241 0.05 0.075
1 0.41276 0.7625 0.0432292 0.062037
0 0.184896 0.870833 0.0583333 0.0824074
3 0.354427 0.701852 0.0401042 0.0259259
0 0.263542 0.805093 0.0427083 0.0712963
1 0.351562 0.645833 0.040625 0.0694444
1 0.455469 0.740278 0.0526042 0.0731481
1 0.38099 0.618981 0.0453125 0.0712963
0 0.18776 0.803704 0.0557292 0.0703704
0 0.308073 0.797685 0.0578125 0.0972222
1 0.360417 0.745833 0.04375 0.062037
