1 0.447656 0.749074 0.0390625 0.062963
3 0.314844 0.518519 0.0421875 0.012963
1 0.344792 0.493981 0.0385417 0.0527778
3 0.389323 0.553241 0.0401042 0.0231481
0 0.282031 0.748148 0.0401042 0.0740741
3 0.46276 0.68287 0.0442708 0.037963
1 0.46901 0.716667 0.0505208 0.0814815
1 0.380208 0.683333 0.04375 0.0740741
0 0.385938 0.714815 0.04375 0.0722222
3 0.296875 0.50787 0.0364583 0.0157407
0 0.459896 0.72037 0.059375 0.0814815
3 0.390885 0.539815 0.0494792 0.0222222
3 0.307292 0.522222 0.0416667 0.0148148
1 0.386719 0.583796 0.0307292 0.0731481
3 0.305729 0.514352 0.0416667 0.0138889
3 0.344531 0.498148 0.0390625 0.0333333
1 0.452083 0.731481 0.0572917 0.0833333
1 0.384635 0.715278 0.0484375 0.0916667
3 0.21224 0.71713 0.0473958 0.0138889
0 0.211979 0.790278 0.0541667 0.100926
0 0.210156 0.75787 0.0453125 0.0657407
1 0.378646 0.60463 0.04375 0.0740741
1 0.306771 0.561111 0.040625 0.0685185
0 0.209115 0.823611 0.0557292 0.0768519
3 0.38151 0.64537 0.0401042 0.012963
0 0.311198 0.739815 0.0609375 0.109259
3 0.461719 0.672222 0.0432292 0.0148148
