1 0.415885 0.631944 0.0432292 0.0546296
0 0.413542 0.626852 0.040625 0.0703704
1 0.451562 0.636111 0.0395833 0.0555556
0 0.295833 0.666667 0.0354167 0.0648148
0 0.408333 0.552778 0.04375 0.0648148
3 0.401042 0.52037 0.0395833 0.0203704
3 0.296354 0.63287 0.0416667 0.0175926
3 0.451562 0.624074 0.0427083 0.0555556
3 0.26276 0.665741 0.0401042 0.0481481
1 0.391667 0.52037 0.040625 0.0611111
1 0.327344 0.486111 0.0536458 0.0685185
1 0.352083 0.525926 0.0416667 0.0592593
0 0.26276 0.68287 0.0432292 0.0657407
3 0.33151 0.438889 0.0536458 0.0222222
1 0.441146 0.684259 0.0385417 0.0611111
0 0.338021 0.649074 0.059375 0.0907407
3 0.451042 0.605093 0.0489583 0.0138889
3 0.351823 0.482407 0.0390625 0.0259259
3 0.330729 0.596296 0.0489583 0.0148148
3 0.389323 0.473611 0.0505208 0.0194444
3 0.259635 0.649074 0.0505208 0.00925926
1 0.498177 0.719907 0.0473958 0.0638889
1 0.409375 0.560648 0.0385417 0.0638889
