3 0.342708 0.443981 0.0572917 0.0231481
3 0.351562 0.479167 0.040625 0.037963
3 0.394792 0.477778 0.0385417 0.00925926
1 0.327344 0.474537 0.0473958 0.0583333
3 0.298698 0.648611 0.0338542 0.0509259
0 0.390885 0.513889 0.0307292 0.0518519
3 0.416146 0.587963 0.04375 0.0166667
3 0.296615 0.631481 0.0432292 0.0166667
0 0.433594 0.689815 0.0473958 0.0518519
0 0.402083 0.541667 0.046875 0.0685185
0 0.345573 0.651389 0.0526042 0.075
3 0.407031 0.526852 0.0369792 0.0296296
3 0.340365 0.605556 0.0463542 0.00925926
0 0.352604 0.5125 0.0364583 0.0638889
1 0.344792 0.651389 0.0552083 0.0824074
0 0.499219 0.712037 0.0463542 0.062963
0 0.29349 0.67963 0.0421875 0.0814815
3 0.267448 0.650463 0.0494792 0.012037
3 0.392188 0.488426 0.0375 0.025
1 0.499479 0.712037 0.04375 0.0648148
1 0.391667 0.523611 0.0395833 0.0490741
0 0.260677 0.697222 0.0432292 0.0796296
0 0.327604 0.475463 0.0375 0.0527778
1 0.41224 0.552315 0.0359375 0.062037
1 0.414844 0.630093 0.0390625 0.0601852
0 0.299219 0.659259 0.0338542 0.0537037
3 0.334375 0.437037 0.0447917 0.0185185
0 0.221094 0.790278 0.0578125 0.0694444
1 0.439844 0.697685 0.0421875 0.075
1 0.353646 0.521296 0.0322917 0.062963
