1 0.365625 0.744444 0.0375 0.0851852
3 0.311458 0.607407 0.0416667 0.0148148
0 0.304167 0.746296 0.05 0.0962963
1 0.30026 0.697222 0.0390625 0.0574074
3 0.397917 0.730093 0.040625 0.012037
3 0.233333 0.82037 0.0479167 0.0111111
3 0.302344 0.666204 0.0380208 0.025
3 0.304427 0.606481 0.0411458 0.0351852
3 0.242188 0.608796 0.0458333 0.0157407
0 0.392188 0.763426 0.0375 0.0509259
3 0.373177 0.689352 0.0380208 0.0342593
1 0.300781 0.740278 0.0536458 0.102778
3 0.375781 0.641667 0.0463542 0.0203704
1 0.395052 0.765278 0.0432292 0.0546296
0 0.272917 0.865741 0.0541667 0.0851852
1 0.353906 0.784259 0.0515625 0.0722222
0 0.223177 0.865741 0.0484375 0.0703704
1 0.372917 0.71713 0.03125 0.0675926
1 0.303385 0.616667 0.0359375 0.0648148
1 0.232812 0.647685 0.0510417 0.0675926
