3 0.202344 0.73287 0.0442708 0.0138889
1 0.202604 0.770833 0.0541667 0.062037
0 0.263542 0.854167 0.05625 0.0861111
3 0.175781 0.883796 0.0380208 0.0361111
3 0.257552 0.790741 0.0421875 0.00925926
3 0.180729 0.864352 0.0333333 0.0305556
3 0.197135 0.825463 0.0359375 0.0231481
0 0.196354 0.771759 0.046875 0.0712963
0 0.208854 0.908333 0.053125 0.0777778
3 0.211198 0.850463 0.0390625 0.0194444
3 0.256771 0.79537 0.040625 0.0148148
3 0.203906 0.843982 0.0338542 0.0194444
3 0.145052 0.803241 0.0401042 0.012037
