1 0.272135 0.814352 0.0369792 0.0694444
3 0.201042 0.878704 0.0447917 0.0333333
3 0.254427 0.850926 0.0380208 0.0203704
3 0.289062 0.79537 0.0395833 0.0277778
3 0.164844 0.765741 0.0505208 0.0148148
3 0.240365 0.768519 0.0411458 0.0203704
1 0.214062 0.827778 0.0416667 0.0759259
1 0.295052 0.839815 0.0494792 0.0814815
3 0.240885 0.755556 0.0453125 0.0166667
3 0.23776 0.812963 0.0473958 0.0277778
0 0.274479 0.812963 0.040625 0.0666667
3 0.23776 0.803704 0.0411458 0.0185185
3 0.278125 0.775463 0.0427083 0.0175926
1 0.163802 0.807407 0.0609375 0.0722222
3 0.227344 0.718056 0.0369792 0.0138889
