3 0.371354 0.640741 0.04375 0.0148148
0 0.26849 0.843056 0.0609375 0.106481
3 0.428385 0.71713 0.0463542 0.0138889
3 0.339583 0.678704 0.0395833 0.0222222
3 0.329688 0.517593 0.05 0.0222222
1 0.383333 0.775 0.0458333 0.0722222
1 0.314583 0.577315 0.0427083 0.0583333
0 0.244271 0.847685 0.05625 0.0787037
1 0.376042 0.668519 0.0416667 0.0740741
0 0.155208 0.8625 0.0552083 0.0990741
0 0.33151 0.741667 0.0494792 0.0759259
0 0.426302 0.753704 0.0369792 0.0592593
3 0.245312 0.810185 0.0510417 0.00925926
1 0.330208 0.739352 0.05 0.0898148
0 0.289062 0.834259 0.0635417 0.109259
1 0.32526 0.665278 0.0359375 0.0694444
1 0.253125 0.611111 0.0489583 0.0703704
3 0.255208 0.575926 0.0447917 0.012963
