1 0.586979 0.35463 0.0260417 0.0481481
3 0.635938 0.418981 0.0395833 0.012037
3 0.603385 0.374537 0.0328125 0.0287037
3 0.59375 0.35463 0.0322917 0.0277778
1 0.601562 0.381944 0.0479167 0.0638889
3 0.590365 0.336574 0.0390625 0.0101852
0 0.53099 0.296296 0.0317708 0.0537037
3 0.572135 0.287963 0.0390625 0.0462963
0 0.56849 0.305556 0.0317708 0.0537037
1 0.570312 0.310185 0.0322917 0.0462963
1 0.607031 0.395833 0.0296875 0.0509259
3 0.473177 0.434259 0.0411458 0.0166667
3 0.513802 0.326389 0.0453125 0.0157407
3 0.626302 0.411111 0.0348958 0.0148148
0 0.516667 0.375926 0.046875 0.0796296
1 0.534896 0.305093 0.0333333 0.0601852
1 0.632292 0.458333 0.03125 0.0611111
3 0.535156 0.262037 0.0411458 0.0148148
3 0.601823 0.360185 0.0380208 0.0185185
0 0.476042 0.471759 0.0364583 0.0712963
3 0.56875 0.272685 0.0479167 0.012037
