1 0.301562 0.772685 0.040625 0.075
0 0.244271 0.884722 0.0645833 0.0805556
0 0.301823 0.764352 0.0411458 0.0712963
0 0.361979 0.773611 0.0583333 0.0824074
1 0.348958 0.747685 0.0427083 0.062037
1 0.280208 0.683333 0.0489583 0.087037
1 0.323177 0.80787 0.0463542 0.0601852
0 0.345833 0.743056 0.034375 0.0546296
3 0.370313 0.754167 0.0427083 0.0416667
3 0.299219 0.725926 0.0432292 0.0277778
1 0.275521 0.779167 0.0489583 0.0731481
3 0.301302 0.717593 0.0453125 0.0166667
3 0.34974 0.70787 0.0453125 0.0157407
1 0.370833 0.781018 0.0583333 0.0712963
3 0.223177 0.669444 0.0411458 0.05
0 0.197917 0.890741 0.059375 0.0851852
1 0.281771 0.658796 0.0385417 0.0787037
3 0.222135 0.653241 0.0473958 0.0138889
1 0.216927 0.682407 0.0494792 0.0814815
