0 0.604167 0.376389 0.028125 0.0435185
1 0.608073 0.39213 0.0296875 0.0453704
3 0.613021 0.400926 0.03125 0.0296296
0 0.608854 0.389352 0.034375 0.0564815
0 0.532031 0.3 0.0265625 0.0518519
3 0.628646 0.418056 0.0333333 0.0231481
3 0.60026 0.359259 0.0380208 0.0240741
0 0.636198 0.459722 0.0421875 0.062037
1 0.63724 0.456019 0.0442708 0.0527778
3 0.475 0.434259 0.046875 0.0148148
3 0.56875 0.274074 0.0479167 0.0148148
3 0.589323 0.334259 0.0369792 0.0148148
0 0.566146 0.319907 0.03125 0.0601852
3 0.627344 0.409259 0.0380208 0.0148148
3 0.513021 0.325463 0.0447917 0.012037
1 0.535417 0.304167 0.03125 0.0527778
0 0.473698 0.479167 0.0369792 0.0583333
0 0.511458 0.381481 0.0541667 0.0888889
3 0.535937 0.266204 0.040625 0.0138889
