0 0.607031 0.390741 0.0317708 0.0425926
0 0.623958 0.438426 0.034375 0.0546296
3 0.588281 0.325 0.0359375 0.0111111
1 0.60625 0.39213 0.0302083 0.0490741
0 0.532812 0.303704 0.028125 0.0537037
3 0.566927 0.276852 0.0432292 0.0111111
3 0.479688 0.434259 0.0458333 0.0111111
3 0.51849 0.335185 0.0390625 0.0148148
1 0.58776 0.364815 0.0296875 0.0407407
1 0.53724 0.30463 0.0348958 0.0592593
0 0.474219 0.472685 0.0369792 0.0601852
0 0.567448 0.318981 0.0286458 0.0546296
0 0.635417 0.456944 0.0458333 0.075
3 0.538021 0.266204 0.040625 0.0157407
0 0.516146 0.370833 0.0458333 0.0731481
