3 0.479688 0.432407 0.05 0.012963
1 0.608073 0.381019 0.0411458 0.0324074
0 0.53099 0.311574 0.0328125 0.062037
3 0.5875 0.323148 0.0385417 0.012963
0 0.566667 0.318056 0.0291667 0.0601852
3 0.60651 0.371296 0.0348958 0.0333333
3 0.56875 0.279167 0.0416667 0.0101852
3 0.6125 0.405556 0.0364583 0.0333333
1 0.567969 0.323148 0.0317708 0.05
3 0.625 0.409259 0.04375 0.012963
1 0.629167 0.456944 0.0364583 0.0601852
3 0.519271 0.330093 0.0354167 0.0157407
1 0.532812 0.308796 0.0385417 0.0472222
1 0.585156 0.368981 0.0338542 0.0564815
1 0.607292 0.398611 0.0291667 0.0509259
3 0.536458 0.267593 0.0427083 0.0148148
0 0.514583 0.379167 0.0447917 0.0712963
3 0.609896 0.364352 0.0427083 0.0138889
