1 0.607292 0.4 0.0260417 0.0407407
1 0.569531 0.30787 0.0244792 0.0435185
1 0.621354 0.44537 0.0375 0.0574074
0 0.52526 0.327778 0.0296875 0.0703704
3 0.568229 0.280093 0.04375 0.0101852
0 0.529427 0.301389 0.0307292 0.0546296
3 0.572917 0.31713 0.0385417 0.0287037
1 0.53151 0.311574 0.0348958 0.0472222
1 0.570833 0.31713 0.0395833 0.0509259
3 0.603385 0.368056 0.0359375 0.0194444
3 0.569531 0.286111 0.0432292 0.0185185
3 0.58724 0.325 0.0401042 0.012963
3 0.616667 0.405093 0.0333333 0.025
3 0.478125 0.432407 0.0489583 0.0111111
1 0.630469 0.458333 0.0411458 0.0685185
1 0.584375 0.367593 0.0354167 0.05
3 0.625781 0.409259 0.0411458 0.0166667
0 0.477083 0.472685 0.0427083 0.0675926
3 0.536719 0.267593 0.0411458 0.0148148
0 0.515104 0.36713 0.0479167 0.075
