3 0.627865 0.416204 0.0432292 0.0138889
3 0.568229 0.281019 0.046875 0.0101852
0 0.527344 0.294907 0.0286458 0.0509259
1 0.570052 0.306944 0.0307292 0.0416667
3 0.62474 0.405556 0.0411458 0.0148148
0 0.627604 0.46713 0.0447917 0.0657407
3 0.615625 0.400926 0.0375 0.0166667
3 0.469531 0.435185 0.0411458 0.012963
3 0.56901 0.28287 0.0401042 0.0212963
1 0.589063 0.362963 0.0385417 0.0407407
3 0.589063 0.335185 0.0364583 0.00925926
1 0.532292 0.302778 0.0333333 0.0388889
0 0.483854 0.476852 0.0416667 0.0666667
0 0.513281 0.382407 0.0505208 0.0796296
1 0.629948 0.458796 0.0411458 0.0694444
3 0.535937 0.268519 0.0427083 0.0148148
