3 0.527344 0.433796 0.0411458 0.0157407
1 0.498698 0.401389 0.0390625 0.0490741
3 0.527604 0.521296 0.0354167 0.0351852
3 0.478385 0.3375 0.0296875 0.0305556
0 0.495833 0.393519 0.0416667 0.0574074
1 0.470052 0.3375 0.0317708 0.0472222
3 0.49375 0.353704 0.0427083 0.0185185
1 0.524479 0.470833 0.0385417 0.0657407
1 0.539844 0.5625 0.0328125 0.0509259
3 0.500781 0.359259 0.0390625 0.012963
3 0.491146 0.338889 0.04375 0.00925926
1 0.446094 0.322685 0.0505208 0.062037
3 0.526302 0.426389 0.0421875 0.012037
3 0.441927 0.292593 0.0453125 0.00925926
1 0.524479 0.521759 0.0364583 0.037963
1 0.535417 0.600926 0.0395833 0.0555556
