3 0.419271 0.310648 0.0364583 0.0453704
1 0.510417 0.600926 0.0489583 0.0518519
3 0.51849 0.568981 0.0307292 0.0342593
3 0.497656 0.538889 0.0338542 0.0425926
3 0.51901 0.557407 0.0255208 0.0333333
3 0.476562 0.381481 0.0354167 0.0259259
3 0.488542 0.412963 0.0291667 0.0240741
0 0.497656 0.466204 0.0390625 0.0638889
0 0.435937 0.342593 0.0479167 0.0592593
0 0.490625 0.524074 0.034375 0.0518519
0 0.448698 0.350463 0.0338542 0.0472222
1 0.46901 0.37037 0.0369792 0.0574074
3 0.413281 0.293056 0.0359375 0.0194444
1 0.423698 0.334722 0.0276042 0.0601852
3 0.45 0.311574 0.040625 0.0138889
1 0.485156 0.404167 0.0390625 0.0490741
0 0.420833 0.331944 0.0322917 0.0546296
1 0.493229 0.529167 0.0302083 0.0472222
3 0.464323 0.350926 0.0338542 0.0222222
3 0.502604 0.447685 0.0364583 0.0157407
1 0.507031 0.475926 0.0348958 0.0537037
3 0.465625 0.346759 0.046875 0.0101852
3 0.516927 0.54537 0.0463542 0.00925926
1 0.513281 0.612963 0.0338542 0.0462963
