3 0.449219 0.314352 0.0338542 0.0361111
3 0.49375 0.343056 0.0458333 0.00833333
0 0.534115 0.597222 0.0484375 0.0611111
0 0.497135 0.392593 0.0401042 0.0537037
1 0.496094 0.381481 0.0390625 0.0555556
3 0.443229 0.292593 0.0416667 0.00925926
3 0.491667 0.350926 0.0385417 0.0185185
3 0.541406 0.5375 0.0401042 0.0101852
1 0.447917 0.321296 0.0447917 0.0481481
0 0.447396 0.318056 0.0322917 0.0527778
3 0.527344 0.426389 0.0432292 0.0157407
1 0.501042 0.399074 0.0354167 0.0611111
3 0.477083 0.339815 0.0322917 0.0222222
3 0.535156 0.560185 0.0401042 0.0185185
1 0.529948 0.473148 0.0432292 0.0666667
1 0.534635 0.602778 0.0453125 0.0518519
