3 0.510417 0.403241 0.034375 0.0398148
3 0.517187 0.415278 0.0385417 0.0101852
3 0.538281 0.518056 0.0421875 0.0101852
3 0.539323 0.553241 0.0380208 0.0287037
0 0.469792 0.3375 0.0364583 0.0527778
3 0.528385 0.44213 0.0380208 0.012037
1 0.519271 0.452778 0.0458333 0.0592593
3 0.545573 0.563889 0.0421875 0.0296296
3 0.53099 0.525926 0.0432292 0.0166667
1 0.507292 0.398611 0.0385417 0.0546296
1 0.541146 0.562037 0.053125 0.0388889
3 0.474219 0.305556 0.0369792 0.0148148
1 0.47474 0.343981 0.0380208 0.0416667
1 0.442708 0.337037 0.0375 0.0574074
0 0.441406 0.326852 0.0317708 0.0555556
3 0.527865 0.515278 0.0411458 0.0157407
1 0.528906 0.47037 0.0369792 0.0574074
3 0.501042 0.3625 0.0375 0.0175926
1 0.541667 0.606481 0.0458333 0.0722222
3 0.440885 0.293056 0.0442708 0.0101852
