3 0.524479 0.424537 0.04375 0.0138889
1 0.494531 0.374074 0.0359375 0.0555556
0 0.496875 0.39537 0.0364583 0.0537037
0 0.526823 0.463426 0.0526042 0.0583333
3 0.468229 0.305556 0.0427083 0.012963
3 0.534115 0.567593 0.0463542 0.0333333
0 0.534115 0.598611 0.0505208 0.075
1 0.469792 0.340741 0.034375 0.0518519
3 0.488802 0.358796 0.0317708 0.037963
3 0.477083 0.342593 0.0354167 0.0277778
3 0.51849 0.420833 0.0411458 0.00833333
1 0.445833 0.324074 0.040625 0.0555556
3 0.441927 0.29213 0.0453125 0.00833333
1 0.497396 0.4 0.0458333 0.0518519
3 0.532292 0.556944 0.04375 0.0212963
1 0.528385 0.469444 0.0463542 0.0722222
3 0.491146 0.338889 0.04375 0.00925926
0 0.44349 0.318519 0.0338542 0.0518519
3 0.531771 0.531944 0.0447917 0.0138889
1 0.534896 0.599537 0.0427083 0.0638889
