3 0.489844 0.339352 0.0453125 0.012037
3 0.523438 0.481481 0.0416667 0.0185185
3 0.474219 0.318056 0.0432292 0.0194444
0 0.499219 0.4 0.0453125 0.0592593
3 0.540625 0.538889 0.0416667 0.0111111
3 0.527344 0.534722 0.0401042 0.0138889
3 0.441927 0.287037 0.0390625 0.012963
1 0.527083 0.47037 0.0458333 0.0648148
3 0.532812 0.551852 0.0385417 0.0222222
3 0.529167 0.437037 0.0395833 0.012963
3 0.472917 0.3125 0.0395833 0.012037
0 0.444792 0.316667 0.0322917 0.0537037
3 0.429427 0.212037 0.0713542 0.0166667
1 0.444531 0.324074 0.0421875 0.062963
3 0.477083 0.329167 0.0333333 0.0194444
1 0.499479 0.40787 0.0322917 0.0527778
1 0.517969 0.52037 0.0453125 0.0592593
3 0.527344 0.430093 0.0401042 0.0138889
3 0.497396 0.355556 0.0364583 0.0166667
1 0.536979 0.600926 0.0395833 0.0648148
