3 0.523438 0.523148 0.046875 0.0259259
1 0.472917 0.334259 0.046875 0.0407407
3 0.470573 0.306019 0.0442708 0.0157407
3 0.432813 0.286111 0.0333333 0.0185185
0 0.532292 0.601852 0.0510417 0.0722222
3 0.525521 0.429167 0.0416667 0.0157407
1 0.520052 0.464352 0.0505208 0.0657407
3 0.477344 0.3375 0.0390625 0.0305556
0 0.519271 0.464815 0.05625 0.0666667
3 0.49349 0.352778 0.0390625 0.0203704
3 0.534115 0.547222 0.0484375 0.0148148
3 0.489844 0.338426 0.0432292 0.012037
1 0.53125 0.6 0.0572917 0.0537037
1 0.441146 0.335185 0.0416667 0.0592593
1 0.501042 0.390278 0.0385417 0.0583333
3 0.51849 0.425463 0.0442708 0.0101852
0 0.442448 0.325926 0.0317708 0.0518519
3 0.440885 0.291667 0.0473958 0.0111111
3 0.532552 0.526852 0.0473958 0.0148148
3 0.500781 0.360648 0.0338542 0.0157407
