3 0.538021 0.556481 0.0302083 0.0296296
1 0.502865 0.400926 0.0328125 0.0574074
3 0.527604 0.526852 0.0291667 0.0296296
0 0.449479 0.333333 0.0458333 0.0574074
3 0.452083 0.288889 0.0395833 0.0111111
1 0.525 0.520833 0.0416667 0.037963
3 0.433594 0.28287 0.0338542 0.0212963
3 0.477083 0.337037 0.028125 0.0296296
3 0.528646 0.434259 0.0416667 0.0148148
0 0.498437 0.39213 0.040625 0.0509259
3 0.471354 0.30787 0.0354167 0.0157407
0 0.492188 0.374537 0.0333333 0.0694444
3 0.490885 0.337963 0.0390625 0.0111111
3 0.523958 0.516667 0.0395833 0.0296296
3 0.441667 0.285648 0.0416667 0.0101852
3 0.540104 0.534259 0.0322917 0.012963
1 0.442448 0.333796 0.0390625 0.0657407
1 0.528646 0.475 0.04375 0.0592593
3 0.526042 0.427778 0.04375 0.0148148
1 0.535677 0.603241 0.0369792 0.0675926
