3 0.601302 0.361574 0.0317708 0.0194444
3 0.586719 0.356019 0.0317708 0.0472222
3 0.469792 0.438889 0.0395833 0.0166667
3 0.627604 0.404167 0.0385417 0.0138889
3 0.626562 0.420833 0.0416667 0.0194444
1 0.590885 0.368056 0.0348958 0.0583333
3 0.61276 0.404167 0.0359375 0.0268519
3 0.51901 0.334259 0.0348958 0.0222222
1 0.535937 0.303241 0.034375 0.0564815
1 0.589323 0.351852 0.0265625 0.0518519
0 0.570052 0.303704 0.0296875 0.0518519
3 0.535937 0.27037 0.0395833 0.012963
3 0.46875 0.43287 0.0447917 0.0101852
0 0.630469 0.463889 0.0432292 0.0666667
0 0.518229 0.365278 0.04375 0.0712963
3 0.58724 0.335648 0.0380208 0.0138889
1 0.630469 0.461574 0.0328125 0.0564815
0 0.475781 0.468981 0.0463542 0.062037
