0 0.530729 0.591204 0.0572917 0.0935185
3 0.533594 0.525 0.0369792 0.0166667
1 0.518229 0.461111 0.04375 0.0574074
3 0.477083 0.339815 0.034375 0.0277778
3 0.431771 0.278241 0.0354167 0.0361111
3 0.526302 0.425463 0.0338542 0.012037
0 0.513802 0.520833 0.0348958 0.0490741
3 0.428906 0.213426 0.0713542 0.0175926
3 0.441146 0.285185 0.0395833 0.0111111
3 0.541406 0.531944 0.0411458 0.0101852
1 0.470833 0.338426 0.0385417 0.0490741
3 0.46849 0.307407 0.0338542 0.0148148
1 0.531771 0.46713 0.0333333 0.0527778
3 0.492448 0.340741 0.0432292 0.0111111
1 0.529427 0.58287 0.0598958 0.0972222
1 0.444531 0.325926 0.0380208 0.0648148
3 0.50026 0.3625 0.0317708 0.0231481
1 0.502083 0.406944 0.040625 0.0527778
