1 0.539323 0.299537 0.0401042 0.0342593
3 0.534635 0.285648 0.0369792 0.0453704
3 0.60599 0.326852 0.0442708 0.0148148
3 0.515625 0.325463 0.0375 0.0138889
3 0.566146 0.27963 0.0447917 0.0203704
0 0.486198 0.471296 0.0307292 0.062963
0 0.62474 0.436574 0.0442708 0.0546296
1 0.610937 0.377778 0.034375 0.0611111
1 0.566667 0.323148 0.034375 0.0592593
3 0.471354 0.405093 0.03125 0.012037
3 0.60651 0.330093 0.0307292 0.012037
3 0.567969 0.278241 0.0463542 0.0101852
0 0.471615 0.441667 0.0296875 0.0574074
0 0.5375 0.299074 0.028125 0.0444444
0 0.515365 0.373611 0.0380208 0.0731481
0 0.479427 0.457407 0.0369792 0.0518519
0 0.564323 0.318519 0.0317708 0.0555556
1 0.58776 0.358796 0.0328125 0.0509259
0 0.503646 0.504167 0.0416667 0.0601852
3 0.540104 0.269444 0.0416667 0.0148148
