1 0.521615 0.442593 0.0390625 0.0518519
1 0.485938 0.377315 0.0458333 0.0694444
1 0.5125 0.456481 0.04375 0.0666667
3 0.473958 0.3375 0.0364583 0.0361111
1 0.501823 0.404167 0.0348958 0.0509259
3 0.528906 0.476389 0.0442708 0.0509259
3 0.509896 0.416667 0.0364583 0.0185185
1 0.479948 0.352315 0.0432292 0.0490741
3 0.526042 0.437037 0.0447917 0.0166667
1 0.471354 0.338889 0.0375 0.0481481
3 0.529167 0.531018 0.0416667 0.0175926
3 0.43724 0.283796 0.0463542 0.012037
0 0.444271 0.318519 0.03125 0.0537037
3 0.517969 0.426389 0.0390625 0.0138889
1 0.447135 0.323611 0.0421875 0.0546296
3 0.532292 0.555556 0.0416667 0.0259259
1 0.526563 0.465278 0.0458333 0.0657407
3 0.469271 0.30787 0.0385417 0.012037
1 0.535937 0.598148 0.0416667 0.0740741
