3 0.689323 0.223611 0.0390625 0.0324074
3 0.441146 0.294907 0.05 0.0101852
0 0.527083 0.472685 0.040625 0.062037
3 0.478906 0.336574 0.0390625 0.0175926
3 0.469531 0.309259 0.0421875 0.0148148
3 0.521875 0.417593 0.034375 0.0111111
0 0.503385 0.388426 0.0442708 0.0638889
1 0.444531 0.334722 0.0317708 0.0583333
1 0.546354 0.564815 0.0458333 0.0425926
0 0.442448 0.326852 0.0307292 0.05
3 0.492448 0.353241 0.0401042 0.0305556
0 0.536719 0.594907 0.0432292 0.0564815
1 0.50599 0.394444 0.0307292 0.05
3 0.526823 0.439815 0.0421875 0.0203704
3 0.542708 0.522222 0.0375 0.0166667
0 0.689583 0.247685 0.03125 0.0564815
1 0.528125 0.47037 0.0395833 0.062963
3 0.526302 0.426852 0.0401042 0.0148148
