0 0.444271 0.325926 0.04375 0.0555556
3 0.450521 0.312037 0.0291667 0.0351852
1 0.449479 0.31713 0.0395833 0.0509259
1 0.473177 0.338889 0.0432292 0.0425926
3 0.429427 0.211111 0.0807292 0.0277778
3 0.527865 0.503704 0.0380208 0.0407407
3 0.47526 0.314815 0.0432292 0.0166667
1 0.495052 0.403241 0.0515625 0.0472222
3 0.530729 0.526852 0.0416667 0.0203704
3 0.499219 0.375 0.0421875 0.0222222
3 0.500521 0.356944 0.0447917 0.0138889
3 0.489583 0.347222 0.0416667 0.0185185
3 0.441406 0.293519 0.0453125 0.0111111
0 0.532031 0.600463 0.0463542 0.0712963
0 0.528385 0.484259 0.0494792 0.0796296
3 0.477083 0.337963 0.03125 0.0296296
3 0.471354 0.309722 0.034375 0.0157407
3 0.525 0.434722 0.0447917 0.0157407
3 0.520052 0.428241 0.0453125 0.0138889
1 0.525521 0.484722 0.046875 0.075
3 0.488542 0.339352 0.046875 0.0101852
1 0.534115 0.599537 0.0390625 0.0564815
3 0.534635 0.55787 0.0401042 0.0157407
