3 0.489062 0.351389 0.0322917 0.0435185
0 0.50625 0.404167 0.0354167 0.0490741
3 0.429688 0.2875 0.0302083 0.0231481
0 0.482812 0.352778 0.0447917 0.0462963
3 0.509375 0.406944 0.0375 0.0416667
3 0.502604 0.378241 0.0302083 0.025
1 0.53099 0.4625 0.0442708 0.0546296
1 0.504687 0.401389 0.0427083 0.0490741
3 0.52474 0.525 0.0390625 0.0296296
0 0.495833 0.37963 0.0447917 0.0648148
3 0.478385 0.34213 0.0380208 0.0305556
1 0.445312 0.324537 0.04375 0.0546296
3 0.540885 0.537963 0.0484375 0.012963
3 0.440365 0.290278 0.0442708 0.0101852
0 0.532031 0.466667 0.0463542 0.062963
3 0.540365 0.553704 0.0359375 0.0185185
0 0.532552 0.6 0.0432292 0.0777778
3 0.491927 0.343981 0.0453125 0.0175926
3 0.470313 0.310185 0.0322917 0.0148148
0 0.514323 0.516204 0.0359375 0.0546296
0 0.44349 0.322685 0.0296875 0.0527778
3 0.516927 0.416667 0.0421875 0.0111111
1 0.533594 0.602778 0.0442708 0.0611111
