3 0.476562 0.341204 0.0364583 0.025
0 0.539583 0.486574 0.0385417 0.0768519
0 0.494531 0.374537 0.0380208 0.0564815
0 0.478646 0.35463 0.0416667 0.0555556
3 0.429948 0.288426 0.0348958 0.0157407
3 0.490625 0.351389 0.03125 0.0305556
1 0.445052 0.325 0.0390625 0.0555556
1 0.539323 0.562963 0.0421875 0.05
3 0.439844 0.293981 0.0463542 0.00833333
3 0.538542 0.516204 0.0333333 0.0287037
3 0.541146 0.526389 0.0333333 0.0175926
0 0.469792 0.341667 0.03125 0.0444444
3 0.491146 0.34213 0.046875 0.012037
0 0.442187 0.318981 0.03125 0.0564815
3 0.472396 0.314352 0.034375 0.0231481
3 0.499479 0.3625 0.034375 0.0212963
0 0.674479 0.262037 0.0375 0.0703704
1 0.534375 0.600926 0.0395833 0.0611111
