3 0.477083 0.305093 0.0385417 0.012037
0 0.453385 0.343056 0.0494792 0.0657407
0 0.490365 0.374074 0.0463542 0.0666667
1 0.519792 0.439815 0.0302083 0.0296296
3 0.482292 0.364352 0.040625 0.037963
1 0.442187 0.327315 0.0427083 0.0731481
1 0.51875 0.440741 0.046875 0.0462963
1 0.545052 0.577778 0.0473958 0.0648148
3 0.524219 0.4625 0.0411458 0.0287037
1 0.507292 0.394907 0.0270833 0.037963
3 0.511719 0.400463 0.0338542 0.0416667
0 0.481771 0.35463 0.040625 0.0592593
3 0.546354 0.562037 0.0322917 0.0277778
3 0.525521 0.444444 0.0416667 0.0148148
1 0.540885 0.600463 0.0473958 0.0731481
3 0.516146 0.422222 0.0354167 0.0185185
0 0.540885 0.594444 0.0442708 0.0703704
3 0.527083 0.518981 0.04375 0.0175926
0 0.441927 0.328241 0.0369792 0.0601852
3 0.439323 0.287037 0.0505208 0.00925926
