1 0.495833 0.375463 0.0416667 0.0638889
3 0.476042 0.315278 0.0364583 0.0268519
3 0.538542 0.559259 0.034375 0.0277778
3 0.514583 0.416204 0.0416667 0.012037
3 0.506771 0.408333 0.0385417 0.0296296
3 0.539323 0.524537 0.0411458 0.0138889
3 0.527604 0.440278 0.0416667 0.0138889
1 0.44349 0.322685 0.0453125 0.0638889
3 0.440885 0.2875 0.0432292 0.0101852
0 0.525521 0.468056 0.0479167 0.0712963
3 0.526302 0.426389 0.0453125 0.012037
3 0.492448 0.349537 0.0411458 0.0175926
3 0.489323 0.337963 0.0432292 0.0111111
3 0.48151 0.329167 0.0328125 0.0194444
0 0.533854 0.59213 0.04375 0.0805556
1 0.502604 0.405556 0.0375 0.0518519
3 0.501042 0.359259 0.0354167 0.012963
0 0.445052 0.323148 0.0380208 0.0611111
1 0.526042 0.472685 0.0510417 0.0675926
1 0.525521 0.52037 0.0427083 0.0296296
1 0.533854 0.597685 0.0427083 0.0694444
0 0.388021 0.531018 0.0520833 0.0842593
3 0.525 0.518519 0.040625 0.0222222
