0 0.505729 0.408333 0.0375 0.0555556
0 0.463281 0.340741 0.0421875 0.0611111
3 0.5375 0.517593 0.0302083 0.0259259
3 0.476042 0.339352 0.0333333 0.0231481
3 0.491146 0.354167 0.0375 0.0231481
3 0.704427 0.19213 0.0515625 0.0212963
1 0.540625 0.566204 0.04375 0.062037
3 0.527344 0.425 0.0286458 0.0185185
3 0.46901 0.314352 0.0359375 0.0231481
0 0.542188 0.578704 0.046875 0.0851852
0 0.443229 0.324537 0.034375 0.0601852
3 0.490885 0.341204 0.0473958 0.00833333
3 0.50026 0.358796 0.0390625 0.0138889
3 0.439844 0.293056 0.0505208 0.0101852
0 0.53125 0.475463 0.040625 0.0731481
3 0.528385 0.436574 0.0369792 0.0157407
3 0.542188 0.526852 0.0364583 0.0148148
1 0.541406 0.593056 0.0421875 0.075
0 0.498958 0.386574 0.040625 0.0638889
0 0.702604 0.235185 0.046875 0.0666667
1 0.529688 0.475926 0.0364583 0.062963
