1 0.44349 0.324074 0.0463542 0.0481481
3 0.396875 0.293981 0.04375 0.00833333
0 0.497135 0.394907 0.0442708 0.0583333
1 0.527344 0.435648 0.0317708 0.0212963
1 0.538281 0.580093 0.0442708 0.0601852
3 0.51901 0.416667 0.0317708 0.0166667
3 0.478646 0.331019 0.0302083 0.0175926
3 0.523698 0.425 0.0328125 0.0203704
3 0.492188 0.35787 0.0375 0.0231481
1 0.540104 0.556019 0.0291667 0.0398148
1 0.502865 0.40463 0.0390625 0.0555556
3 0.541406 0.533796 0.0328125 0.0157407
3 0.441927 0.294444 0.0484375 0.00925926
1 0.53151 0.481944 0.0338542 0.0805556
3 0.501302 0.361111 0.0359375 0.0148148
0 0.716667 0.21713 0.034375 0.0638889
0 0.442969 0.325463 0.0348958 0.0583333
3 0.527083 0.438426 0.0395833 0.0175926
3 0.716406 0.181944 0.0390625 0.0101852
1 0.535677 0.6 0.0338542 0.0648148
