3 0.470573 0.434259 0.0380208 0.012963
1 0.598177 0.373611 0.0380208 0.0564815
3 0.600521 0.358333 0.0291667 0.0185185
1 0.567708 0.317593 0.0322917 0.05
1 0.624479 0.438889 0.0354167 0.0592593
3 0.465365 0.45 0.0338542 0.0222222
0 0.520573 0.354167 0.0338542 0.0527778
3 0.588802 0.356019 0.0286458 0.037963
3 0.46849 0.443056 0.0369792 0.0212963
0 0.607552 0.389815 0.0359375 0.0425926
1 0.588021 0.359722 0.03125 0.0398148
3 0.62474 0.41713 0.0401042 0.0231481
1 0.609115 0.39213 0.0296875 0.0416667
3 0.62526 0.408796 0.0317708 0.0212963
3 0.567969 0.278241 0.0432292 0.00833333
3 0.566667 0.284259 0.0375 0.0333333
0 0.566927 0.313426 0.0296875 0.0546296
3 0.589323 0.336574 0.0369792 0.0157407
3 0.522135 0.334259 0.0338542 0.0240741
1 0.635677 0.456481 0.0338542 0.0574074
0 0.472135 0.468519 0.0453125 0.0666667
0 0.516406 0.374074 0.0432292 0.0722222
1 0.534896 0.303704 0.03125 0.0537037
3 0.533854 0.269444 0.0385417 0.012963
