3 0.48776 0.355556 0.0286458 0.0296296
3 0.525521 0.480556 0.04375 0.0314815
3 0.501562 0.360648 0.0333333 0.0175926
0 0.491927 0.38287 0.0421875 0.062037
0 0.484375 0.35463 0.0364583 0.0537037
3 0.53724 0.519907 0.0432292 0.0101852
3 0.476562 0.310185 0.0375 0.0185185
3 0.478646 0.338889 0.03125 0.0351852
3 0.528385 0.433333 0.0432292 0.012963
1 0.527083 0.473611 0.0510417 0.0601852
3 0.488281 0.338426 0.0411458 0.0157407
0 0.538281 0.591204 0.0411458 0.075
0 0.44375 0.325926 0.0385417 0.062963
3 0.441146 0.289352 0.0447917 0.0101852
3 0.526042 0.428704 0.0447917 0.012963
3 0.527604 0.519907 0.0427083 0.0231481
1 0.540625 0.59537 0.040625 0.0740741
