3 0.5375 0.526852 0.0385417 0.0203704
1 0.444531 0.323611 0.0421875 0.0564815
3 0.730469 0.162963 0.0463542 0.012963
3 0.439323 0.294444 0.0463542 0.00925926
1 0.536979 0.563889 0.040625 0.062963
3 0.535417 0.513426 0.0416667 0.0138889
1 0.526042 0.474537 0.0479167 0.0638889
3 0.532031 0.506019 0.0390625 0.0157407
3 0.500521 0.356019 0.0427083 0.0157407
3 0.49401 0.346296 0.0453125 0.012963
3 0.482812 0.335648 0.0322917 0.0157407
0 0.526563 0.469444 0.0427083 0.0666667
0 0.718229 0.213889 0.040625 0.0555556
0 0.496094 0.400463 0.0453125 0.062037
3 0.661198 0.266204 0.0380208 0.0157407
0 0.44401 0.321296 0.0328125 0.0537037
3 0.490365 0.34213 0.0494792 0.00833333
0 0.656771 0.308333 0.0416667 0.0611111
1 0.533073 0.598148 0.0390625 0.0666667
