3 0.495052 0.366667 0.0369792 0.0166667
3 0.476562 0.337963 0.0333333 0.0425926
3 0.681771 0.23287 0.04375 0.012037
3 0.596354 0.368981 0.03125 0.0194444
3 0.659115 0.2625 0.0401042 0.0342593
3 0.714583 0.148611 0.0447917 0.012037
3 0.53099 0.473611 0.0421875 0.0453704
3 0.490885 0.336574 0.0411458 0.012037
0 0.532552 0.46713 0.0380208 0.0509259
3 0.471094 0.309259 0.0369792 0.012963
0 0.663021 0.280093 0.0479167 0.0694444
1 0.501302 0.410185 0.0411458 0.0537037
3 0.716667 0.159259 0.0322917 0.0296296
1 0.480469 0.347222 0.0359375 0.0518519
3 0.47526 0.313426 0.0411458 0.0138889
3 0.541146 0.531482 0.034375 0.012963
0 0.443229 0.330093 0.0375 0.0601852
1 0.716927 0.180093 0.0255208 0.0564815
1 0.53099 0.591667 0.0515625 0.0814815
0 0.498958 0.411111 0.0375 0.0518519
1 0.446354 0.324074 0.0510417 0.062963
0 0.717188 0.176852 0.03125 0.0518519
3 0.501302 0.372222 0.0421875 0.012963
0 0.534115 0.583796 0.0578125 0.087963
1 0.528385 0.431019 0.0348958 0.0509259
0 0.597396 0.40463 0.034375 0.0611111
3 0.442448 0.287037 0.0473958 0.0111111
0 0.657812 0.302778 0.040625 0.0685185
1 0.532812 0.472222 0.0354167 0.0592593
