3 0.655729 0.263889 0.0291667 0.0333333
3 0.502604 0.357407 0.0427083 0.0148148
0 0.65026 0.285648 0.0369792 0.062037
1 0.502344 0.405093 0.0453125 0.0601852
3 0.471615 0.314815 0.0411458 0.012963
3 0.707292 0.153241 0.0479167 0.012037
3 0.592708 0.366204 0.04375 0.0101852
3 0.492188 0.350926 0.0489583 0.012963
1 0.531771 0.473148 0.0479167 0.0592593
1 0.444271 0.325 0.046875 0.0666667
3 0.491406 0.339352 0.0463542 0.00833333
0 0.645312 0.311574 0.0479167 0.0694444
3 0.479948 0.331944 0.0380208 0.0175926
0 0.533854 0.596759 0.0458333 0.0657407
3 0.532812 0.551389 0.034375 0.0194444
3 0.542448 0.537037 0.0380208 0.0148148
0 0.697917 0.189352 0.0322917 0.0509259
0 0.53099 0.476389 0.0380208 0.0527778
0 0.445052 0.32037 0.0348958 0.0574074
0 0.498958 0.399074 0.0447917 0.0611111
3 0.440104 0.288426 0.0489583 0.0101852
0 0.575 0.415278 0.0354167 0.062037
1 0.534896 0.598148 0.0333333 0.0592593
3 0.533333 0.436111 0.0385417 0.0148148
3 0.661198 0.250926 0.0432292 0.012963
