0 0.58776 0.351389 0.0348958 0.0416667
3 0.473177 0.433333 0.0421875 0.012963
0 0.611198 0.393056 0.0380208 0.0564815
3 0.473437 0.44537 0.0375 0.0240741
1 0.607292 0.392593 0.0375 0.0592593
1 0.569531 0.315741 0.0369792 0.0462963
3 0.588542 0.348148 0.0270833 0.0351852
0 0.636979 0.464815 0.0447917 0.0666667
3 0.622656 0.407407 0.0338542 0.037037
1 0.520833 0.368519 0.0416667 0.0944444
3 0.532031 0.274537 0.0401042 0.012037
0 0.568229 0.315278 0.03125 0.0564815
1 0.527083 0.308796 0.03125 0.0657407
0 0.517448 0.366667 0.0484375 0.087037
3 0.56875 0.281944 0.040625 0.0268519
1 0.641406 0.459259 0.0390625 0.0574074
3 0.566927 0.274074 0.0473958 0.00925926
0 0.477865 0.471759 0.0432292 0.0564815
3 0.589063 0.343056 0.040625 0.0157407
