3 0.684635 0.227778 0.0390625 0.0148148
0 0.691146 0.246759 0.0447917 0.0731481
3 0.470833 0.306019 0.0375 0.0157407
3 0.478906 0.340278 0.0390625 0.0287037
0 0.441927 0.324074 0.0317708 0.05
3 0.539323 0.518056 0.0421875 0.012037
3 0.488542 0.357407 0.0375 0.0388889
1 0.442448 0.334722 0.0328125 0.0546296
3 0.44349 0.296296 0.0484375 0.0111111
3 0.700521 0.204167 0.0375 0.0101852
1 0.54349 0.578241 0.0442708 0.075
0 0.491146 0.364815 0.0416667 0.0611111
3 0.491146 0.341204 0.0447917 0.0101852
3 0.630469 0.343519 0.0453125 0.00925926
0 0.680469 0.254167 0.0317708 0.0546296
0 0.538281 0.585185 0.0432292 0.0759259
0 0.626562 0.374074 0.0375 0.0574074
3 0.540104 0.522222 0.05 0.0111111
