0 0.505729 0.39213 0.034375 0.0527778
3 0.625781 0.277315 0.0421875 0.0175926
0 0.527083 0.418056 0.0322917 0.0435185
3 0.628646 0.271296 0.0427083 0.0148148
0 0.697656 0.233796 0.0421875 0.0564815
0 0.513802 0.40463 0.0369792 0.0611111
1 0.480729 0.350463 0.034375 0.0490741
0 0.535156 0.448148 0.0359375 0.0518519
1 0.496094 0.371759 0.0244792 0.0583333
1 0.673437 0.239352 0.0229167 0.0546296
3 0.610417 0.3125 0.0322917 0.025
3 0.479688 0.30787 0.0375 0.0138889
3 0.542448 0.55787 0.0401042 0.0435185
1 0.506771 0.39537 0.03125 0.0462963
0 0.475781 0.343056 0.0328125 0.0583333
0 0.675 0.238889 0.03125 0.0462963
3 0.675781 0.205093 0.0369792 0.0101852
0 0.711979 0.219907 0.0364583 0.0472222
3 0.715625 0.183333 0.0427083 0.012963
1 0.538281 0.6 0.0421875 0.0740741
0 0.533333 0.468056 0.0375 0.0527778
0 0.540365 0.587963 0.0484375 0.0814815
0 0.603646 0.353241 0.0364583 0.0509259
3 0.54375 0.537037 0.04375 0.012963
1 0.532812 0.466204 0.0322917 0.0527778
