0 0.473698 0.342593 0.0328125 0.0425926
0 0.527344 0.473148 0.0421875 0.0574074
3 0.70625 0.202315 0.034375 0.0175926
0 0.494792 0.368981 0.0322917 0.037963
3 0.535937 0.519907 0.0385417 0.0157407
3 0.480208 0.338889 0.0333333 0.0296296
0 0.709635 0.232407 0.0369792 0.0611111
3 0.529688 0.436111 0.0385417 0.012963
3 0.532292 0.506481 0.03125 0.0185185
0 0.504167 0.39537 0.0354167 0.0555556
0 0.485677 0.35787 0.0380208 0.0564815
0 0.49401 0.379167 0.0442708 0.0694444
3 0.488802 0.3375 0.0401042 0.0138889
3 0.528125 0.426852 0.0385417 0.012963
3 0.541146 0.526389 0.04375 0.012037
3 0.442708 0.293519 0.0458333 0.00925926
3 0.645052 0.306019 0.0401042 0.012037
0 0.442969 0.324074 0.0296875 0.0537037
1 0.540104 0.580556 0.0447917 0.0925926
1 0.528125 0.472685 0.0458333 0.0657407
0 0.695573 0.241667 0.0411458 0.0685185
0 0.6375 0.351389 0.0375 0.0638889
