0 0.484896 0.349537 0.034375 0.0546296
1 0.53776 0.581944 0.0401042 0.0657407
3 0.441927 0.284259 0.0411458 0.0111111
3 0.684635 0.186574 0.0359375 0.0138889
1 0.444271 0.330093 0.0354167 0.0712963
3 0.639063 0.261574 0.0385417 0.0212963
3 0.71875 0.166667 0.0458333 0.0111111
3 0.560156 0.387963 0.0401042 0.0148148
3 0.484635 0.330556 0.0380208 0.0277778
0 0.625521 0.315278 0.0427083 0.0731481
3 0.477865 0.316667 0.0359375 0.0259259
0 0.53724 0.580556 0.0442708 0.0759259
3 0.535417 0.434722 0.0395833 0.0212963
3 0.543229 0.533796 0.0364583 0.012037
0 0.502083 0.396296 0.0416667 0.05
0 0.532031 0.465278 0.0348958 0.0509259
0 0.636719 0.29213 0.0401042 0.0731481
0 0.554427 0.418981 0.0359375 0.0527778
0 0.724479 0.199074 0.03125 0.0462963
0 0.446354 0.331481 0.0322917 0.062963
0 0.619792 0.341667 0.0302083 0.0611111
0 0.686198 0.217593 0.0317708 0.0481481
1 0.53724 0.600463 0.0307292 0.0564815
1 0.528646 0.472685 0.0364583 0.0583333
