3 0.730469 0.184259 0.0359375 0.0703704
0 0.51875 0.455556 0.0385417 0.0592593
3 0.438802 0.293519 0.0432292 0.00925926
1 0.529688 0.474074 0.0354167 0.0481481
1 0.540365 0.55787 0.0390625 0.0509259
1 0.51276 0.452315 0.0307292 0.0490741
3 0.430208 0.210648 0.078125 0.0305556
3 0.431771 0.288889 0.040625 0.0166667
3 0.428125 0.213426 0.0697917 0.0157407
0 0.441927 0.328241 0.0411458 0.0527778
3 0.530729 0.441204 0.0333333 0.0138889
3 0.490104 0.342593 0.05 0.012963
3 0.666927 0.249074 0.0411458 0.00925926
0 0.500781 0.40787 0.0401042 0.0583333
1 0.445833 0.324074 0.040625 0.0518519
1 0.500781 0.410185 0.0390625 0.05
3 0.496094 0.351852 0.0411458 0.0166667
3 0.481771 0.337037 0.0416667 0.0166667
3 0.50026 0.359259 0.0390625 0.0166667
0 0.73151 0.195833 0.0369792 0.0527778
3 0.732031 0.1625 0.0442708 0.012037
3 0.539583 0.525463 0.040625 0.0157407
0 0.665365 0.285185 0.0411458 0.0592593
1 0.535937 0.599537 0.04375 0.0712963
