1 0.525781 0.433796 0.0505208 0.0305556
3 0.490104 0.351852 0.0270833 0.0240741
3 0.5375 0.525926 0.0416667 0.0148148
0 0.483333 0.356019 0.034375 0.0564815
3 0.476823 0.339352 0.0296875 0.0324074
3 0.470052 0.310185 0.0348958 0.0185185
1 0.502604 0.408333 0.0333333 0.0648148
0 0.723698 0.209259 0.0442708 0.062963
3 0.501562 0.355556 0.0354167 0.0166667
0 0.502083 0.397222 0.0427083 0.0648148
0 0.534635 0.588889 0.0526042 0.0796296
0 0.44375 0.326852 0.0322917 0.0574074
3 0.523698 0.430556 0.0421875 0.0203704
0 0.707552 0.222685 0.0369792 0.0546296
3 0.729948 0.164352 0.0473958 0.012037
3 0.534115 0.505556 0.0411458 0.0166667
3 0.649479 0.295833 0.0416667 0.0101852
1 0.533073 0.591667 0.0463542 0.0777778
1 0.53125 0.468056 0.0447917 0.0601852
3 0.439844 0.295833 0.0494792 0.00833333
0 0.646875 0.33287 0.0333333 0.0657407
3 0.528385 0.439352 0.0390625 0.0175926
