0 0.489583 0.363426 0.0322917 0.0435185
3 0.526563 0.444444 0.0260417 0.0222222
3 0.690885 0.218519 0.0411458 0.0148148
3 0.46875 0.306019 0.040625 0.012037
0 0.470833 0.349074 0.0322917 0.0333333
3 0.623438 0.350926 0.0447917 0.012963
0 0.479948 0.35463 0.0338542 0.0425926
0 0.526042 0.464815 0.0385417 0.0518519
0 0.494792 0.38287 0.0416667 0.0601852
1 0.502344 0.402778 0.0359375 0.0481481
0 0.513542 0.45463 0.034375 0.0425926
3 0.442448 0.286111 0.0442708 0.00925926
0 0.501562 0.402315 0.034375 0.0490741
3 0.683854 0.22963 0.0322917 0.0166667
3 0.478646 0.339815 0.0322917 0.0240741
3 0.452344 0.29537 0.0473958 0.012963
0 0.689583 0.261111 0.03125 0.0611111
1 0.445052 0.325926 0.0359375 0.0555556
3 0.491146 0.336111 0.040625 0.0111111
3 0.540885 0.516204 0.0328125 0.0175926
0 0.444792 0.318981 0.0302083 0.0490741
1 0.531771 0.465278 0.0302083 0.0435185
3 0.498698 0.3625 0.0317708 0.0268519
0 0.667708 0.279167 0.0375 0.0638889
0 0.534375 0.575 0.0447917 0.0833333
0 0.617188 0.400463 0.0364583 0.0675926
3 0.540104 0.521759 0.040625 0.0157407
