1 0.485156 0.361111 0.0328125 0.0518519
3 0.667448 0.235185 0.0484375 0.0148148
1 0.654948 0.305093 0.0338542 0.0564815
3 0.576823 0.392593 0.0380208 0.0185185
3 0.523177 0.438889 0.0359375 0.0166667
0 0.453125 0.302315 0.034375 0.0583333
0 0.499219 0.416204 0.0380208 0.0527778
3 0.449479 0.278241 0.0375 0.0175926
3 0.470573 0.303241 0.0380208 0.012037
3 0.429948 0.212037 0.0838542 0.0259259
1 0.472917 0.338426 0.0375 0.0453704
0 0.490365 0.374074 0.0307292 0.0611111
1 0.671094 0.267593 0.0421875 0.0462963
3 0.540365 0.53287 0.0348958 0.0138889
3 0.489844 0.336574 0.0348958 0.0101852
1 0.5375 0.564815 0.0364583 0.0574074
3 0.578906 0.385648 0.0338542 0.0157407
3 0.661458 0.252778 0.0375 0.012963
3 0.658594 0.260648 0.0401042 0.0138889
3 0.53151 0.44537 0.0359375 0.012963
1 0.728646 0.224537 0.0291667 0.0527778
0 0.727083 0.218981 0.03125 0.0435185
0 0.651042 0.300926 0.034375 0.0537037
3 0.669531 0.244907 0.0401042 0.0138889
0 0.530208 0.47037 0.0458333 0.0518519
1 0.530208 0.477778 0.0427083 0.0611111
0 0.565625 0.314815 0.0322917 0.062963
1 0.535156 0.595833 0.0369792 0.0694444
3 0.729427 0.183333 0.0401042 0.0111111
0 0.581771 0.424537 0.0375 0.0546296
