1 0.528385 0.473611 0.0453125 0.0638889
3 0.702083 0.225463 0.0375 0.0175926
3 0.52474 0.281481 0.0432292 0.0148148
3 0.540885 0.556019 0.0411458 0.0435185
1 0.540104 0.558333 0.0385417 0.0555556
3 0.465365 0.3125 0.0307292 0.025
0 0.470313 0.322685 0.0302083 0.0398148
3 0.452865 0.294444 0.0390625 0.0240741
3 0.541146 0.539815 0.034375 0.0296296
3 0.664583 0.27037 0.0416667 0.0203704
0 0.697656 0.258333 0.0286458 0.05
3 0.628125 0.3125 0.0395833 0.0157407
3 0.488802 0.362037 0.0390625 0.0222222
0 0.62526 0.348148 0.0317708 0.05
1 0.627083 0.348611 0.0291667 0.0509259
0 0.460156 0.325 0.0390625 0.0537037
3 0.665104 0.27963 0.0427083 0.012963
3 0.529948 0.449074 0.0369792 0.0240741
0 0.520833 0.315278 0.0333333 0.0564815
3 0.569531 0.441667 0.0421875 0.0166667
0 0.529167 0.471296 0.0427083 0.0592593
0 0.66276 0.32037 0.0338542 0.062963
1 0.696354 0.260648 0.034375 0.0490741
3 0.630208 0.305093 0.0427083 0.012037
0 0.566927 0.49213 0.0359375 0.0527778
1 0.540365 0.597222 0.0442708 0.0703704
