1 0.530469 0.473148 0.0432292 0.0462963
3 0.496094 0.369444 0.0369792 0.0166667
3 0.624219 0.330093 0.0307292 0.0194444
3 0.465365 0.293519 0.0411458 0.0203704
3 0.529167 0.475463 0.0427083 0.0416667
3 0.491406 0.346759 0.0338542 0.0231481
3 0.535677 0.565278 0.0463542 0.0342593
3 0.503906 0.398611 0.0317708 0.0287037
0 0.504687 0.425 0.04375 0.0518519
3 0.490885 0.337963 0.0401042 0.0148148
3 0.628385 0.337037 0.0421875 0.0185185
3 0.502083 0.378241 0.0364583 0.0175926
3 0.476042 0.297685 0.0395833 0.012037
3 0.626562 0.347685 0.0385417 0.0324074
3 0.457812 0.271296 0.034375 0.0148148
0 0.45651 0.30787 0.0359375 0.062037
1 0.626302 0.391667 0.0380208 0.0592593
3 0.530469 0.554167 0.0380208 0.0268519
3 0.531771 0.441204 0.0375 0.012037
0 0.500521 0.502315 0.040625 0.0583333
1 0.645052 0.299537 0.0359375 0.0601852
3 0.532031 0.538889 0.0411458 0.0148148
1 0.534115 0.598611 0.0505208 0.0657407
