3 0.466927 0.3125 0.0296875 0.0157407
3 0.511198 0.39537 0.0338542 0.0314815
3 0.544271 0.529167 0.0302083 0.0305556
3 0.6875 0.248148 0.0395833 0.0203704
0 0.53099 0.459259 0.0411458 0.0555556
3 0.454948 0.303241 0.0432292 0.0101852
3 0.428646 0.212963 0.075 0.0166667
3 0.692187 0.235648 0.0427083 0.012037
3 0.623698 0.336574 0.0401042 0.0435185
3 0.622656 0.322685 0.0401042 0.0138889
3 0.542188 0.566204 0.04375 0.025
1 0.625 0.347685 0.03125 0.0435185
3 0.497656 0.293056 0.0359375 0.037963
3 0.552604 0.475926 0.0395833 0.012963
0 0.620313 0.343056 0.0302083 0.0527778
3 0.490885 0.356944 0.0317708 0.025
3 0.539844 0.556481 0.0369792 0.0277778
0 0.505469 0.418519 0.0328125 0.0666667
1 0.651823 0.352315 0.0348958 0.0490741
0 0.651042 0.353704 0.0395833 0.0518519
0 0.49974 0.301852 0.0338542 0.0518519
3 0.53099 0.443056 0.0328125 0.0212963
1 0.534115 0.466667 0.0244792 0.0444444
0 0.682031 0.274537 0.0359375 0.0638889
3 0.501562 0.274074 0.0416667 0.012963
1 0.541667 0.603241 0.040625 0.0675926
