3 0.666146 0.230556 0.04375 0.012963
3 0.589844 0.311111 0.0359375 0.0425926
3 0.541146 0.531482 0.0333333 0.0148148
0 0.492969 0.374074 0.0296875 0.0425926
3 0.532812 0.436111 0.0364583 0.0240741
3 0.491406 0.359722 0.0276042 0.0361111
3 0.466146 0.3 0.0364583 0.0166667
3 0.663802 0.2375 0.0401042 0.0305556
0 0.657812 0.280556 0.0333333 0.0555556
3 0.475521 0.311111 0.040625 0.0148148
1 0.654688 0.284722 0.034375 0.0675926
0 0.451562 0.293519 0.0354167 0.0574074
0 0.49375 0.39537 0.0385417 0.0685185
1 0.452865 0.300926 0.0380208 0.0537037
0 0.582292 0.397685 0.0375 0.0638889
0 0.590104 0.330556 0.0333333 0.0518519
0 0.500521 0.414815 0.04375 0.0611111
0 0.534115 0.463426 0.0411458 0.0546296
3 0.660417 0.236574 0.04375 0.0138889
3 0.595573 0.295833 0.0432292 0.0101852
0 0.534115 0.583333 0.0546875 0.0851852
3 0.527604 0.430556 0.0447917 0.012963
1 0.533333 0.471296 0.0302083 0.0518519
