3 0.528385 0.444444 0.0317708 0.0333333
3 0.61849 0.327778 0.0265625 0.0203704
0 0.48125 0.356019 0.03125 0.0416667
3 0.609375 0.314352 0.0354167 0.0416667
0 0.482292 0.384722 0.040625 0.0787037
3 0.478385 0.336111 0.0307292 0.0333333
1 0.528646 0.470833 0.046875 0.0657407
3 0.610417 0.358796 0.0427083 0.0212963
3 0.540625 0.55 0.0385417 0.0277778
0 0.477865 0.341204 0.0390625 0.0453704
3 0.60026 0.359722 0.0348958 0.0138889
3 0.48776 0.337037 0.0411458 0.0185185
3 0.607813 0.281481 0.0416667 0.012963
3 0.473958 0.310185 0.0354167 0.0166667
3 0.608854 0.286574 0.0333333 0.0268519
3 0.539323 0.5375 0.0463542 0.0138889
0 0.528385 0.463889 0.0411458 0.0722222
3 0.500781 0.37963 0.0348958 0.0185185
1 0.5375 0.601389 0.0395833 0.0657407
0 0.478646 0.438889 0.0395833 0.0814815
3 0.432813 0.284259 0.0364583 0.0166667
0 0.5375 0.590278 0.0458333 0.0805556
1 0.602344 0.385648 0.0307292 0.0527778
1 0.607552 0.30463 0.0265625 0.0444444
