1 0.594792 0.380556 0.0385417 0.0555556
3 0.585677 0.358796 0.0338542 0.0416667
3 0.609896 0.405556 0.03125 0.05
3 0.626302 0.415278 0.0369792 0.0157407
3 0.572917 0.32037 0.0385417 0.037037
3 0.528906 0.287963 0.0380208 0.0518519
3 0.567708 0.27963 0.046875 0.012963
3 0.5875 0.32963 0.0302083 0.012963
3 0.528125 0.323148 0.03125 0.0388889
3 0.580729 0.325463 0.0354167 0.0175926
3 0.472917 0.434722 0.0447917 0.012037
3 0.517187 0.322685 0.0416667 0.0138889
1 0.529688 0.30787 0.0291667 0.0638889
1 0.586198 0.363889 0.0317708 0.0407407
1 0.605469 0.40463 0.0328125 0.0518519
1 0.571094 0.322685 0.0369792 0.0546296
3 0.532552 0.272685 0.0453125 0.0175926
0 0.514063 0.381481 0.0520833 0.087037
1 0.631771 0.45787 0.0364583 0.0657407
0 0.477865 0.469444 0.0401042 0.0518519
