3 0.670833 0.252315 0.034375 0.0194444
1 0.529688 0.513426 0.0447917 0.0527778
3 0.538542 0.527778 0.0385417 0.0185185
3 0.509635 0.404167 0.0390625 0.025
3 0.456771 0.303241 0.0416667 0.0138889
3 0.623438 0.328241 0.0364583 0.0175926
3 0.429688 0.210648 0.0864583 0.0342593
3 0.639583 0.3625 0.0395833 0.0453704
1 0.619531 0.35 0.0255208 0.0481481
3 0.532031 0.477315 0.0401042 0.0212963
0 0.486198 0.350926 0.0380208 0.05
0 0.482292 0.294444 0.034375 0.0611111
1 0.492188 0.3625 0.0385417 0.0453704
3 0.481771 0.278241 0.0333333 0.0287037
0 0.511198 0.45463 0.0390625 0.0666667
3 0.491406 0.334259 0.0421875 0.0259259
1 0.504167 0.403241 0.0385417 0.0546296
0 0.508073 0.429167 0.0348958 0.062037
3 0.665885 0.272222 0.0401042 0.0462963
0 0.616667 0.347685 0.0302083 0.0527778
0 0.532031 0.601389 0.0494792 0.075
0 0.492969 0.364815 0.0348958 0.0574074
0 0.632812 0.369907 0.0458333 0.0601852
3 0.497656 0.362963 0.0317708 0.037037
0 0.465625 0.346759 0.0385417 0.0546296
1 0.666146 0.283796 0.0385417 0.0638889
0 0.531771 0.511574 0.0375 0.0509259
3 0.53125 0.44537 0.03125 0.0166667
1 0.532292 0.603704 0.0489583 0.05
1 0.640625 0.380556 0.0385417 0.0611111
3 0.622396 0.318981 0.0479167 0.012037
