3 0.624479 0.328704 0.0333333 0.0277778
3 0.470833 0.316667 0.0375 0.0185185
3 0.490885 0.346296 0.0411458 0.0185185
0 0.536198 0.581019 0.0494792 0.0712963
3 0.621875 0.337037 0.028125 0.0203704
3 0.611198 0.354167 0.0421875 0.0157407
3 0.432031 0.281944 0.0369792 0.037963
0 0.436979 0.3125 0.0375 0.062037
3 0.495833 0.443519 0.046875 0.0444444
3 0.511979 0.39213 0.04375 0.0157407
3 0.629427 0.281019 0.0411458 0.00833333
0 0.527604 0.471759 0.0385417 0.0601852
0 0.470833 0.333796 0.0333333 0.0527778
3 0.536198 0.551852 0.0369792 0.0240741
0 0.505208 0.43287 0.0375 0.0601852
3 0.535417 0.540741 0.0416667 0.012963
3 0.529948 0.438889 0.0348958 0.0148148
3 0.505469 0.397685 0.0390625 0.025
3 0.490885 0.340278 0.0463542 0.00833333
3 0.504427 0.375463 0.0369792 0.0157407
0 0.49349 0.472685 0.0380208 0.0601852
1 0.53125 0.473611 0.0354167 0.0601852
1 0.535937 0.602315 0.04375 0.0638889
1 0.604427 0.390278 0.0369792 0.0546296
