3 0.525 0.429167 0.0322917 0.0268519
0 0.47474 0.34213 0.0380208 0.0509259
3 0.540625 0.558333 0.0322917 0.0333333
1 0.542188 0.314352 0.0375 0.0564815
3 0.711979 0.222685 0.040625 0.0583333
3 0.6625 0.261574 0.040625 0.0175926
3 0.500521 0.376389 0.0354167 0.0194444
3 0.478125 0.3375 0.0322917 0.0268519
0 0.49349 0.413889 0.0401042 0.0592593
0 0.486979 0.395833 0.0416667 0.0712963
3 0.488021 0.339352 0.0375 0.0138889
0 0.538281 0.583333 0.0411458 0.0722222
3 0.467187 0.310648 0.0354167 0.012037
3 0.71875 0.20463 0.0458333 0.00925926
1 0.671354 0.302315 0.0416667 0.0546296
3 0.510938 0.408796 0.0385417 0.0268519
3 0.547917 0.286111 0.0375 0.0222222
1 0.709896 0.235648 0.0354167 0.0509259
1 0.528646 0.472222 0.034375 0.0537037
3 0.665885 0.251852 0.0442708 0.012963
3 0.571875 0.423611 0.0385417 0.0157407
0 0.529427 0.463426 0.0411458 0.0527778
1 0.638021 0.323148 0.0354167 0.05
0 0.574479 0.456944 0.0375 0.0564815
3 0.541667 0.536111 0.0364583 0.0148148
1 0.539062 0.592593 0.040625 0.0555556
0 0.542969 0.317593 0.0411458 0.0574074
0 0.388281 0.530093 0.0494792 0.0935185
