3 0.415365 0.309722 0.0369792 0.0101852
3 0.593229 0.321759 0.0354167 0.0324074
3 0.39349 0.293056 0.0432292 0.00833333
3 0.509115 0.406019 0.0338542 0.0361111
0 0.699219 0.240741 0.0286458 0.0407407
0 0.473958 0.339352 0.034375 0.0472222
0 0.438021 0.327778 0.0322917 0.0518519
3 0.664323 0.224537 0.0328125 0.0157407
3 0.705208 0.199537 0.040625 0.012037
3 0.491667 0.345833 0.0322917 0.0175926
3 0.479167 0.33287 0.0354167 0.0268519
3 0.541927 0.533333 0.0411458 0.0111111
3 0.668229 0.218519 0.0385417 0.0148148
0 0.660417 0.258333 0.0395833 0.0481481
3 0.586458 0.335648 0.0354167 0.012037
1 0.697396 0.2375 0.03125 0.0583333
0 0.497917 0.393056 0.0385417 0.0564815
3 0.479948 0.306944 0.0390625 0.0157407
0 0.527083 0.456944 0.0416667 0.0675926
0 0.601302 0.318056 0.0369792 0.0509259
1 0.529688 0.461574 0.0395833 0.0712963
0 0.584115 0.371296 0.0307292 0.0537037
1 0.538542 0.583333 0.0395833 0.0888889
1 0.66276 0.259722 0.0286458 0.0583333
3 0.490365 0.339352 0.0421875 0.012037
