1 0.502083 0.393519 0.0395833 0.0462963
3 0.579687 0.324537 0.0447917 0.0138889
3 0.578646 0.318056 0.0447917 0.012037
3 0.445052 0.336111 0.0296875 0.0333333
0 0.484115 0.356019 0.0359375 0.0564815
0 0.473698 0.343981 0.0276042 0.0490741
1 0.563021 0.358796 0.0291667 0.0564815
0 0.460677 0.353241 0.0390625 0.0564815
0 0.603385 0.381944 0.0359375 0.075
3 0.609115 0.333796 0.0359375 0.012037
3 0.597656 0.351852 0.0401042 0.0203704
0 0.499219 0.390741 0.0432292 0.0574074
1 0.528646 0.476852 0.0447917 0.0592593
3 0.528385 0.435185 0.0390625 0.0203704
3 0.471354 0.314815 0.0354167 0.0148148
0 0.561719 0.358796 0.0338542 0.0546296
3 0.501562 0.3875 0.04375 0.0435185
0 0.422396 0.45787 0.04375 0.087963
3 0.490365 0.336111 0.0411458 0.0111111
3 0.541146 0.535185 0.0364583 0.0185185
0 0.540625 0.584722 0.0489583 0.0861111
1 0.539583 0.593982 0.0395833 0.0731481
0 0.446354 0.356019 0.0239583 0.0472222
0 0.530469 0.468519 0.0411458 0.0574074
1 0.602865 0.379167 0.0484375 0.0657407
