0 0.466927 0.350463 0.0401042 0.0546296
3 0.488021 0.356944 0.034375 0.037963
3 0.614844 0.314815 0.0432292 0.0166667
3 0.534375 0.538426 0.04375 0.0157407
3 0.492188 0.3375 0.0395833 0.012037
3 0.495573 0.366667 0.0348958 0.0203704
3 0.535677 0.562037 0.0442708 0.0388889
0 0.531771 0.465741 0.0375 0.0574074
0 0.534115 0.590278 0.0484375 0.075
3 0.601302 0.305556 0.0411458 0.0185185
3 0.600781 0.293056 0.0432292 0.0157407
3 0.503125 0.372685 0.040625 0.0138889
1 0.617448 0.346759 0.0255208 0.0509259
1 0.503385 0.403241 0.0380208 0.0509259
3 0.475 0.307407 0.0447917 0.0166667
1 0.534375 0.6 0.0375 0.0666667
0 0.475521 0.441667 0.0385417 0.0759259
1 0.528385 0.475926 0.0411458 0.0611111
1 0.596615 0.390741 0.0317708 0.0592593
3 0.528906 0.432407 0.0432292 0.012963
