3 0.420573 0.433796 0.0453125 0.0527778
0 0.496875 0.363426 0.0375 0.0472222
1 0.603646 0.373611 0.0385417 0.0490741
0 0.536719 0.569444 0.0453125 0.0685185
0 0.472656 0.346759 0.0338542 0.062037
0 0.497656 0.382407 0.0432292 0.0574074
3 0.46276 0.318519 0.0411458 0.0185185
0 0.503125 0.402778 0.0447917 0.0648148
3 0.601042 0.350463 0.0416667 0.0287037
3 0.458073 0.334259 0.0380208 0.0277778
0 0.530469 0.462037 0.0432292 0.0555556
1 0.540104 0.563889 0.04375 0.0555556
3 0.492188 0.338426 0.040625 0.012037
3 0.472656 0.306481 0.0307292 0.0148148
3 0.499479 0.359722 0.028125 0.0268519
3 0.577083 0.31713 0.0489583 0.0212963
3 0.50651 0.408796 0.0421875 0.0324074
1 0.504167 0.408333 0.0354167 0.0555556
3 0.60625 0.333333 0.0395833 0.012963
1 0.563281 0.361574 0.0286458 0.062037
0 0.459635 0.35463 0.0380208 0.0537037
1 0.535156 0.4625 0.0421875 0.0601852
0 0.418229 0.447222 0.0385417 0.0685185
1 0.534896 0.603241 0.040625 0.062037
3 0.534115 0.449074 0.0380208 0.0259259
1 0.598698 0.390741 0.0328125 0.0574074
3 0.538281 0.519907 0.0401042 0.0138889
