1 0.541667 0.561111 0.034375 0.0555556
1 0.507552 0.391667 0.0348958 0.0518519
3 0.504948 0.409722 0.0338542 0.025
3 0.541927 0.525926 0.0432292 0.0148148
0 0.415104 0.457407 0.0375 0.062963
3 0.491146 0.3375 0.0385417 0.0138889
3 0.533333 0.512963 0.0385417 0.0166667
1 0.53125 0.469444 0.0427083 0.0592593
3 0.604688 0.348611 0.0375 0.025
0 0.461719 0.349537 0.0421875 0.0675926
3 0.538281 0.518981 0.0401042 0.0138889
0 0.530729 0.466204 0.0427083 0.062037
3 0.530729 0.453704 0.0354167 0.037037
3 0.471354 0.306481 0.0364583 0.0148148
0 0.538542 0.58287 0.053125 0.087963
3 0.498437 0.364815 0.0375 0.0314815
1 0.538021 0.581019 0.0479167 0.0953704
3 0.605729 0.335648 0.04375 0.012037
1 0.565885 0.363889 0.0380208 0.062963
3 0.577865 0.317593 0.0494792 0.0166667
1 0.597396 0.389815 0.034375 0.0592593
