3 0.614844 0.364815 0.0328125 0.0111111
0 0.569792 0.319907 0.0291667 0.0583333
1 0.585677 0.3625 0.0359375 0.0490741
3 0.57526 0.277778 0.0348958 0.0148148
0 0.627344 0.466667 0.0463542 0.062963
1 0.508333 0.365278 0.0375 0.0601852
3 0.516927 0.325926 0.0359375 0.0259259
3 0.628646 0.416204 0.0395833 0.012037
3 0.529167 0.270833 0.04375 0.012037
3 0.477604 0.440741 0.0385417 0.0203704
3 0.58151 0.323148 0.0369792 0.0111111
0 0.584896 0.362037 0.034375 0.0537037
3 0.608073 0.37963 0.0348958 0.0296296
3 0.526563 0.287037 0.0416667 0.0407407
0 0.507031 0.360648 0.0359375 0.062037
3 0.572917 0.28287 0.0322917 0.0157407
1 0.569792 0.31713 0.0375 0.0453704
3 0.573177 0.281944 0.0505208 0.00833333
3 0.525 0.318519 0.0333333 0.0333333
1 0.608594 0.4 0.0369792 0.0444444
0 0.478906 0.468981 0.0421875 0.0546296
1 0.627865 0.459259 0.0401042 0.0648148
3 0.474219 0.433333 0.0463542 0.0111111
