0 0.507031 0.397685 0.0369792 0.0694444
3 0.598698 0.337037 0.0265625 0.0166667
3 0.623438 0.336574 0.03125 0.037963
3 0.600781 0.347222 0.0359375 0.0148148
3 0.5375 0.431481 0.0364583 0.012963
3 0.608073 0.349537 0.0380208 0.0268519
3 0.597917 0.291667 0.0322917 0.0240741
1 0.620833 0.348148 0.0364583 0.0444444
3 0.626302 0.321759 0.0380208 0.00833333
0 0.486979 0.361111 0.0395833 0.0537037
3 0.490365 0.333796 0.0432292 0.0138889
3 0.475781 0.329167 0.0338542 0.0342593
0 0.533073 0.461574 0.0348958 0.0490741
0 0.45651 0.361111 0.0338542 0.0555556
0 0.497656 0.370833 0.0359375 0.0601852
3 0.454167 0.327315 0.0416667 0.0157407
0 0.477083 0.45 0.034375 0.05
1 0.545833 0.5625 0.05 0.0527778
3 0.475781 0.314352 0.0401042 0.0175926
1 0.535677 0.586111 0.0484375 0.0777778
3 0.498437 0.361574 0.034375 0.0324074
3 0.540365 0.522685 0.0484375 0.012037
1 0.598698 0.391204 0.0317708 0.0509259
3 0.528385 0.434259 0.0463542 0.0148148
1 0.532292 0.474074 0.0354167 0.0555556
