3 0.529167 0.436111 0.0395833 0.0203704
3 0.478646 0.421296 0.0416667 0.0333333
0 0.528385 0.456481 0.0390625 0.0592593
0 0.493229 0.368519 0.0270833 0.0444444
0 0.49401 0.383796 0.0369792 0.062037
1 0.503125 0.40463 0.040625 0.0462963
3 0.607292 0.347222 0.0354167 0.0351852
3 0.598958 0.337037 0.0291667 0.0240741
3 0.498698 0.355093 0.0307292 0.0268519
3 0.599479 0.302778 0.0322917 0.0296296
1 0.617708 0.35 0.03125 0.0555556
3 0.541667 0.535185 0.0395833 0.012963
1 0.539062 0.561111 0.0510417 0.0592593
3 0.533073 0.442593 0.0359375 0.0185185
0 0.467969 0.351389 0.0380208 0.0564815
0 0.477604 0.447222 0.0364583 0.0722222
3 0.601823 0.290278 0.0359375 0.0157407
3 0.47526 0.310648 0.0432292 0.0194444
1 0.535937 0.463889 0.0395833 0.0555556
3 0.59974 0.343519 0.0411458 0.0185185
1 0.535677 0.586574 0.0401042 0.0842593
1 0.596615 0.391667 0.0442708 0.0611111
