3 0.496354 0.369907 0.0395833 0.0175926
0 0.584115 0.3625 0.0515625 0.0583333
3 0.438802 0.421759 0.0348958 0.0287037
1 0.502604 0.40463 0.034375 0.05
3 0.58099 0.348611 0.0390625 0.0268519
3 0.454167 0.34213 0.040625 0.0324074
3 0.503385 0.3625 0.0348958 0.0138889
3 0.597917 0.356019 0.0375 0.0212963
3 0.472656 0.304167 0.0453125 0.0101852
3 0.541667 0.536111 0.0333333 0.0203704
0 0.538021 0.568981 0.04375 0.0712963
0 0.527344 0.475463 0.0390625 0.0583333
0 0.502865 0.409722 0.0317708 0.0509259
0 0.455729 0.350463 0.0333333 0.0490741
3 0.489844 0.338426 0.0369792 0.012037
0 0.435156 0.460185 0.0359375 0.0555556
3 0.577865 0.325463 0.0421875 0.0287037
1 0.538542 0.597685 0.0375 0.0657407
3 0.583073 0.315741 0.0369792 0.012963
1 0.60026 0.382407 0.0348958 0.0555556
3 0.529427 0.438426 0.0369792 0.012037
