0 0.471615 0.340278 0.0255208 0.0509259
3 0.433073 0.285185 0.0348958 0.0148148
3 0.542969 0.526389 0.0442708 0.012037
1 0.596094 0.310648 0.0182292 0.0472222
1 0.503646 0.393056 0.0395833 0.0546296
0 0.497656 0.375 0.0348958 0.0425926
1 0.596615 0.323148 0.0307292 0.062963
0 0.596094 0.311574 0.0307292 0.0490741
0 0.491406 0.393519 0.0473958 0.0666667
3 0.52474 0.426852 0.0348958 0.0277778
3 0.530469 0.437963 0.0328125 0.0240741
3 0.488542 0.339352 0.04375 0.0157407
0 0.48099 0.348148 0.0369792 0.0611111
0 0.503906 0.408796 0.0369792 0.0583333
3 0.471354 0.306481 0.03125 0.0148148
3 0.501042 0.376852 0.0364583 0.0259259
0 0.541927 0.57963 0.0505208 0.0981481
3 0.603906 0.277315 0.0453125 0.0101852
3 0.500781 0.361574 0.0338542 0.0194444
0 0.478385 0.439815 0.0359375 0.0777778
0 0.529427 0.469907 0.0369792 0.0675926
1 0.543229 0.577315 0.046875 0.0916667
3 0.60625 0.350463 0.0395833 0.0212963
1 0.601042 0.386574 0.0322917 0.0546296
0 0.448177 0.346759 0.0380208 0.0601852
1 0.53125 0.470833 0.0354167 0.0583333
