0 0.56224 0.363889 0.0421875 0.0611111
3 0.542188 0.531944 0.0395833 0.0157407
3 0.495833 0.339815 0.0427083 0.012963
3 0.603906 0.348611 0.0390625 0.0175926
0 0.532031 0.471296 0.0369792 0.0555556
3 0.573438 0.314815 0.05 0.0166667
3 0.597396 0.391204 0.0416667 0.0287037
1 0.597135 0.381944 0.0380208 0.062037
3 0.464323 0.315278 0.0411458 0.0138889
1 0.530469 0.47037 0.0484375 0.0611111
3 0.532292 0.438889 0.034375 0.0111111
1 0.561458 0.360648 0.0364583 0.0675926
1 0.504167 0.408333 0.034375 0.05
1 0.536198 0.588889 0.0401042 0.0759259
3 0.500781 0.355093 0.0348958 0.0175926
3 0.459375 0.324537 0.0427083 0.0175926
3 0.608333 0.339352 0.040625 0.012037
1 0.539323 0.565741 0.0411458 0.0592593
