3 0.535156 0.552778 0.0432292 0.0277778
0 0.495052 0.394444 0.0411458 0.0648148
1 0.503906 0.400926 0.0401042 0.0537037
3 0.5375 0.531018 0.0447917 0.0138889
0 0.484375 0.355556 0.0395833 0.0518519
0 0.583333 0.332407 0.034375 0.0462963
3 0.500781 0.356481 0.0328125 0.0148148
3 0.461719 0.319444 0.0432292 0.0185185
3 0.532031 0.508796 0.0380208 0.0194444
3 0.491406 0.356019 0.0390625 0.0287037
0 0.529167 0.474074 0.0458333 0.0574074
3 0.472135 0.307407 0.0380208 0.012963
1 0.586198 0.337037 0.0338542 0.0388889
1 0.532552 0.593056 0.0432292 0.0657407
0 0.45599 0.347685 0.0348958 0.0509259
0 0.533073 0.584259 0.0505208 0.0851852
1 0.530208 0.478704 0.0479167 0.0740741
3 0.528125 0.433796 0.0458333 0.0138889
1 0.6 0.387963 0.0333333 0.0518519
