1 0.607292 0.35463 0.0427083 0.0481481
0 0.46849 0.340278 0.0244792 0.0398148
0 0.376563 0.453241 0.040625 0.0601852
3 0.601823 0.356019 0.0411458 0.0268519
3 0.448438 0.326852 0.0354167 0.012963
0 0.45 0.355556 0.0333333 0.0518519
3 0.49401 0.340278 0.0421875 0.0101852
3 0.533594 0.441204 0.0276042 0.0212963
3 0.529167 0.433333 0.034375 0.0185185
1 0.538021 0.595833 0.0375 0.062037
0 0.466146 0.348611 0.0375 0.0583333
3 0.541927 0.554167 0.0317708 0.0268519
1 0.565625 0.361574 0.0291667 0.0546296
3 0.565625 0.334259 0.0354167 0.0111111
1 0.536198 0.472222 0.0307292 0.05
0 0.502344 0.398611 0.0401042 0.0509259
0 0.536458 0.590741 0.0458333 0.0759259
3 0.499219 0.356019 0.0369792 0.0194444
3 0.471875 0.311111 0.0385417 0.012963
3 0.542188 0.536574 0.0458333 0.012037
1 0.598698 0.390278 0.0307292 0.0527778
0 0.533594 0.467593 0.0380208 0.0537037
3 0.609375 0.335185 0.0395833 0.012963
