0 0.45026 0.353241 0.0390625 0.0527778
3 0.495052 0.353704 0.0401042 0.0185185
0 0.594271 0.379167 0.04375 0.0601852
3 0.600781 0.352778 0.0442708 0.0259259
3 0.541146 0.5375 0.034375 0.0157407
3 0.565885 0.328241 0.0421875 0.0101852
3 0.501302 0.358333 0.0338542 0.0166667
0 0.560417 0.362037 0.034375 0.0481481
3 0.530729 0.436574 0.0395833 0.0157407
0 0.534635 0.583796 0.0494792 0.0675926
1 0.560156 0.360648 0.0307292 0.0638889
0 0.465625 0.34537 0.0364583 0.0574074
0 0.499479 0.402778 0.0395833 0.0592593
3 0.472396 0.30787 0.0416667 0.0157407
1 0.529167 0.476389 0.04375 0.0638889
0 0.529688 0.470833 0.0427083 0.0546296
1 0.500521 0.405556 0.0385417 0.0611111
3 0.604948 0.33287 0.0401042 0.0101852
3 0.536979 0.5625 0.0416667 0.025
1 0.534375 0.600463 0.0416667 0.0601852
1 0.597656 0.388426 0.0338542 0.0527778
