3 0.472656 0.305093 0.0401042 0.0175926
3 0.464583 0.315741 0.03125 0.0222222
3 0.502604 0.360185 0.0364583 0.012963
3 0.601042 0.346296 0.04375 0.0166667
0 0.538542 0.553704 0.040625 0.0425926
1 0.477865 0.338426 0.0369792 0.0453704
3 0.564583 0.326389 0.0489583 0.012037
3 0.472656 0.309259 0.0244792 0.0166667
0 0.473437 0.331944 0.0302083 0.0564815
0 0.453385 0.348611 0.0328125 0.0527778
3 0.48776 0.338426 0.0380208 0.0194444
0 0.500521 0.394444 0.0416667 0.0518519
1 0.538021 0.596296 0.0354167 0.0685185
1 0.502604 0.399074 0.0333333 0.0555556
0 0.538021 0.581019 0.0427083 0.0824074
1 0.602865 0.377778 0.0411458 0.0592593
3 0.563281 0.321759 0.0473958 0.012037
3 0.541406 0.538889 0.0380208 0.0203704
0 0.532292 0.468056 0.0375 0.0527778
1 0.561979 0.367593 0.0354167 0.0537037
3 0.530208 0.433796 0.0416667 0.012037
3 0.604948 0.334722 0.0432292 0.0138889
1 0.530208 0.472222 0.04375 0.0648148
