3 0.534896 0.571296 0.0395833 0.0296296
3 0.598958 0.340278 0.046875 0.012037
3 0.445052 0.328241 0.0328125 0.0157407
3 0.6 0.349537 0.046875 0.0231481
3 0.477604 0.337963 0.028125 0.0203704
3 0.453646 0.325463 0.040625 0.0101852
3 0.49375 0.341667 0.04375 0.00925926
1 0.533854 0.473148 0.0541667 0.062963
0 0.4625 0.359722 0.0385417 0.062037
3 0.533333 0.437037 0.0395833 0.00925926
3 0.473177 0.307407 0.0390625 0.0148148
0 0.5 0.406481 0.046875 0.0574074
3 0.492969 0.350463 0.0338542 0.0175926
0 0.446875 0.360185 0.034375 0.0537037
3 0.501302 0.35463 0.0317708 0.0148148
1 0.500781 0.408796 0.0380208 0.0564815
0 0.533854 0.599537 0.0489583 0.0694444
1 0.559375 0.364815 0.0333333 0.0648148
3 0.565104 0.331481 0.04375 0.0111111
3 0.532292 0.559722 0.0427083 0.0194444
1 0.534115 0.599074 0.0411458 0.062963
3 0.604948 0.334259 0.0421875 0.00925926
1 0.597656 0.386574 0.0359375 0.0564815
