3 0.456771 0.335185 0.0427083 0.0333333
3 0.534115 0.572685 0.0442708 0.0527778
0 0.561458 0.368519 0.03125 0.0444444
0 0.454427 0.352778 0.0380208 0.0425926
3 0.492188 0.338889 0.0458333 0.012963
1 0.498177 0.401852 0.0348958 0.0555556
0 0.482031 0.35787 0.0390625 0.0564815
3 0.603385 0.340278 0.0453125 0.012037
0 0.534896 0.472685 0.040625 0.0546296
3 0.538802 0.547222 0.0401042 0.0185185
3 0.536198 0.443981 0.0359375 0.0175926
0 0.499479 0.393981 0.040625 0.0731481
0 0.465885 0.35 0.0453125 0.0592593
1 0.595312 0.385648 0.0364583 0.0546296
3 0.543229 0.540278 0.0458333 0.0138889
1 0.560677 0.366204 0.0307292 0.062037
3 0.533594 0.556944 0.0421875 0.0175926
3 0.498698 0.359259 0.0348958 0.0277778
3 0.60026 0.349074 0.0442708 0.0222222
1 0.536719 0.46713 0.0411458 0.062037
0 0.532292 0.602315 0.0520833 0.0805556
3 0.567187 0.333333 0.0395833 0.0111111
3 0.475 0.310185 0.0395833 0.0185185
1 0.532552 0.598611 0.0463542 0.0675926
