3 0.610417 0.32963 0.0385417 0.012963
3 0.604948 0.349074 0.0380208 0.0222222
0 0.472396 0.349537 0.0364583 0.0509259
0 0.501042 0.386111 0.0427083 0.0518519
3 0.477344 0.336111 0.0255208 0.0222222
1 0.541667 0.597685 0.0395833 0.0638889
3 0.538802 0.553704 0.0317708 0.0314815
3 0.491406 0.348611 0.0390625 0.0194444
1 0.504427 0.388889 0.0380208 0.0574074
1 0.566146 0.358333 0.0322917 0.0611111
3 0.491927 0.3375 0.0401042 0.00833333
0 0.449219 0.356944 0.0348958 0.0490741
0 0.533073 0.469444 0.0359375 0.0518519
0 0.540625 0.590741 0.0447917 0.0685185
3 0.501302 0.35787 0.0359375 0.0157407
3 0.565365 0.328241 0.0401042 0.0175926
3 0.541667 0.537037 0.0395833 0.0166667
3 0.53099 0.438426 0.0348958 0.012037
3 0.608073 0.334259 0.0401042 0.012963
1 0.532031 0.473611 0.0411458 0.0564815
1 0.600781 0.385185 0.0359375 0.062963
