0 0.483333 0.352315 0.0354167 0.0564815
1 0.507552 0.402315 0.0369792 0.0564815
3 0.492708 0.340278 0.0395833 0.0138889
0 0.492188 0.366204 0.0364583 0.062037
3 0.44375 0.330556 0.028125 0.0185185
3 0.504948 0.411574 0.0421875 0.025
3 0.540625 0.55 0.034375 0.0296296
0 0.565365 0.367593 0.0317708 0.0462963
1 0.566667 0.3625 0.028125 0.0546296
0 0.46901 0.34213 0.0317708 0.0509259
3 0.542188 0.538426 0.04375 0.0175926
3 0.609375 0.325463 0.0416667 0.012037
3 0.475 0.30787 0.025 0.0175926
1 0.597396 0.391204 0.034375 0.0546296
3 0.604948 0.352315 0.0307292 0.0212963
0 0.441667 0.361574 0.0322917 0.0583333
0 0.534375 0.594444 0.0479167 0.0796296
3 0.566927 0.336574 0.0401042 0.0101852
1 0.532031 0.466204 0.0453125 0.0601852
3 0.533594 0.442593 0.0369792 0.012963
