0 0.538542 0.561574 0.0364583 0.0490741
3 0.542448 0.529167 0.0390625 0.0157407
3 0.563542 0.338426 0.03125 0.0212963
3 0.531771 0.435185 0.0385417 0.012963
3 0.538021 0.519907 0.040625 0.0138889
3 0.467448 0.3125 0.0390625 0.0138889
3 0.566406 0.330093 0.0390625 0.0101852
3 0.604167 0.350463 0.0385417 0.0212963
3 0.454948 0.323148 0.0463542 0.0166667
1 0.540885 0.600926 0.0359375 0.0611111
3 0.533854 0.510648 0.0375 0.0157407
3 0.490625 0.33287 0.0395833 0.012037
0 0.502083 0.400926 0.0489583 0.0648148
0 0.532552 0.47037 0.0380208 0.0555556
1 0.563802 0.360648 0.0338542 0.0583333
3 0.459896 0.316667 0.0416667 0.0166667
3 0.500521 0.361574 0.040625 0.0157407
0 0.458073 0.366667 0.0401042 0.0666667
1 0.601042 0.384722 0.0364583 0.0509259
1 0.530469 0.475463 0.0442708 0.0638889
3 0.608854 0.334259 0.040625 0.0111111
0 0.5375 0.583796 0.0458333 0.0805556
