3 0.46224 0.584722 0.0442708 0.0101852
0 0.496875 0.386574 0.0375 0.0657407
3 0.472917 0.305556 0.0427083 0.012963
3 0.470833 0.311111 0.0229167 0.0166667
1 0.53125 0.586111 0.0583333 0.0777778
3 0.45651 0.323148 0.0390625 0.0222222
1 0.501302 0.408333 0.0390625 0.0574074
0 0.501562 0.406944 0.0385417 0.0564815
3 0.490365 0.335648 0.0390625 0.0101852
3 0.53099 0.436574 0.0390625 0.0101852
3 0.502344 0.363426 0.0359375 0.0138889
0 0.533073 0.47037 0.0359375 0.0518519
3 0.571615 0.322222 0.0484375 0.012963
3 0.572135 0.315278 0.0494792 0.0194444
1 0.598177 0.391204 0.0369792 0.0583333
0 0.40625 0.4375 0.0385417 0.0638889
1 0.563281 0.365278 0.0359375 0.0546296
3 0.606771 0.337963 0.0447917 0.0148148
0 0.443229 0.3625 0.0354167 0.062037
1 0.529688 0.474074 0.046875 0.0648148
0 0.536198 0.584722 0.0557292 0.0842593
