3 0.470573 0.310648 0.0276042 0.0138889
0 0.469271 0.341667 0.03125 0.0444444
3 0.491927 0.340741 0.0442708 0.00925926
0 0.530469 0.474074 0.0484375 0.05
0 0.541406 0.581944 0.0463542 0.0805556
3 0.459115 0.317593 0.0401042 0.0185185
0 0.458854 0.359722 0.0364583 0.0527778
3 0.542448 0.535185 0.0380208 0.0148148
0 0.500521 0.385648 0.04375 0.0601852
1 0.541667 0.584722 0.0427083 0.0842593
0 0.445312 0.364815 0.04375 0.0555556
3 0.564844 0.330093 0.0421875 0.0101852
3 0.50026 0.362037 0.0401042 0.0166667
3 0.532292 0.434259 0.0458333 0.012963
1 0.563542 0.361111 0.0385417 0.0611111
1 0.528906 0.472685 0.0442708 0.0638889
3 0.608594 0.338889 0.0453125 0.0111111
1 0.602344 0.386111 0.0442708 0.062963
