3 0.573177 0.283333 0.0338542 0.0333333
0 0.514583 0.368981 0.0458333 0.075
3 0.626042 0.418056 0.0375 0.0231481
1 0.595312 0.384259 0.0416667 0.0611111
1 0.529167 0.310185 0.0385417 0.0555556
3 0.572917 0.315278 0.0354167 0.037963
3 0.578906 0.331019 0.0359375 0.025
1 0.516927 0.364815 0.0421875 0.0685185
3 0.625521 0.409259 0.0354167 0.0148148
3 0.478385 0.43287 0.0473958 0.012037
0 0.529688 0.312037 0.0354167 0.0481481
1 0.605729 0.400926 0.03125 0.0481481
3 0.576563 0.276389 0.0416667 0.0101852
1 0.582812 0.362037 0.0364583 0.05
3 0.53125 0.271759 0.0416667 0.012037
1 0.629167 0.459722 0.0416667 0.0694444
