1 0.540365 0.556481 0.0338542 0.0611111
0 0.471875 0.328241 0.0208333 0.0287037
0 0.553906 0.35463 0.0369792 0.0462963
0 0.467448 0.34213 0.0328125 0.0583333
0 0.486198 0.369907 0.0265625 0.0453704
3 0.538281 0.538426 0.0338542 0.0231481
0 0.500781 0.393981 0.0401042 0.0453704
1 0.555729 0.355093 0.0322917 0.0546296
0 0.5375 0.571296 0.0458333 0.0722222
0 0.534375 0.602778 0.0385417 0.05
1 0.600521 0.387037 0.0375 0.0444444
0 0.603646 0.380093 0.0395833 0.0657407
3 0.534375 0.434722 0.0364583 0.0101852
3 0.490625 0.3375 0.0364583 0.012037
0 0.53125 0.468056 0.0395833 0.0583333
3 0.551823 0.332407 0.0390625 0.0259259
1 0.502083 0.400926 0.0333333 0.0555556
3 0.53125 0.502315 0.0416667 0.0194444
1 0.53125 0.471759 0.040625 0.0675926
1 0.535156 0.602778 0.0359375 0.0611111
3 0.60625 0.331944 0.0416667 0.0101852
