3 0.5375 0.56713 0.0447917 0.0287037
0 0.470573 0.331481 0.0234375 0.037037
3 0.532812 0.435648 0.0385417 0.0157407
1 0.545833 0.34537 0.021875 0.05
3 0.494792 0.339815 0.0427083 0.00925926
3 0.540104 0.539352 0.0375 0.025
0 0.45625 0.36713 0.028125 0.0490741
3 0.471875 0.311574 0.0260417 0.0212963
3 0.544792 0.324537 0.0447917 0.0101852
0 0.464063 0.345833 0.0364583 0.062037
1 0.530469 0.474074 0.0390625 0.0648148
3 0.495573 0.350463 0.0348958 0.0194444
1 0.59974 0.383333 0.0359375 0.0555556
1 0.538542 0.559722 0.0333333 0.062037
0 0.500521 0.402315 0.0364583 0.062037
1 0.534635 0.597222 0.0453125 0.0685185
3 0.604427 0.348611 0.0390625 0.0212963
3 0.548437 0.332407 0.040625 0.0148148
0 0.532031 0.465741 0.0380208 0.0537037
3 0.605469 0.337963 0.0421875 0.0111111
