0 0.479948 0.354167 0.0401042 0.0583333
3 0.432813 0.33287 0.0354167 0.00833333
1 0.538281 0.5875 0.0505208 0.0861111
3 0.472396 0.306019 0.0260417 0.0157407
3 0.490104 0.338426 0.0375 0.0101852
3 0.565885 0.336111 0.0380208 0.0111111
0 0.496094 0.368056 0.0223958 0.0527778
0 0.498437 0.380556 0.0385417 0.0592593
3 0.60651 0.346759 0.0380208 0.0175926
1 0.505729 0.394907 0.0364583 0.0601852
3 0.535937 0.4375 0.0302083 0.012037
0 0.541146 0.584722 0.0520833 0.0861111
0 0.534635 0.465278 0.0348958 0.0527778
0 0.466667 0.344444 0.0322917 0.062963
3 0.539583 0.525 0.0447917 0.012963
1 0.601042 0.3875 0.0385417 0.062037
1 0.533333 0.469907 0.0375 0.0527778
3 0.610677 0.336111 0.0390625 0.012963
