3 0.476302 0.342593 0.0317708 0.0296296
3 0.432552 0.330556 0.0390625 0.00925926
3 0.472917 0.303704 0.0427083 0.00925926
1 0.502865 0.401852 0.0421875 0.0555556
3 0.606771 0.354167 0.0333333 0.0324074
1 0.535156 0.593982 0.0432292 0.0694444
3 0.532292 0.436111 0.0322917 0.0185185
0 0.500781 0.401389 0.0359375 0.0564815
1 0.566927 0.362963 0.0286458 0.0555556
0 0.435417 0.374537 0.034375 0.0638889
0 0.470573 0.339352 0.0286458 0.0546296
3 0.491927 0.338426 0.0401042 0.00833333
0 0.532812 0.465741 0.0375 0.0444444
3 0.54349 0.536111 0.0442708 0.012963
1 0.597396 0.388426 0.0333333 0.0546296
0 0.53776 0.586111 0.0505208 0.0833333
3 0.607813 0.336111 0.0458333 0.0111111
1 0.532031 0.468981 0.0359375 0.0527778
3 0.567448 0.334722 0.0380208 0.0101852
3 0.498437 0.363889 0.0385417 0.0333333
