1 0.469531 0.331019 0.0421875 0.0435185
1 0.503385 0.398611 0.0369792 0.0527778
3 0.534115 0.440278 0.0338542 0.0194444
3 0.544271 0.539352 0.0416667 0.0157407
1 0.604948 0.360185 0.0411458 0.0611111
3 0.497135 0.346296 0.0338542 0.0203704
3 0.539323 0.550926 0.0328125 0.0203704
3 0.602865 0.353704 0.0421875 0.0277778
0 0.56224 0.367593 0.0338542 0.05
0 0.534115 0.601852 0.0463542 0.0648148
0 0.503125 0.393519 0.0395833 0.0592593
1 0.601042 0.389815 0.03125 0.0425926
0 0.534375 0.466204 0.0427083 0.0564815
3 0.494792 0.341204 0.04375 0.0101852
1 0.561458 0.363426 0.0322917 0.0601852
3 0.473437 0.311574 0.0270833 0.0175926
3 0.60625 0.331481 0.0375 0.0111111
1 0.535677 0.467593 0.0369792 0.0555556
3 0.536198 0.559259 0.0401042 0.0166667
3 0.568229 0.334722 0.0416667 0.0101852
1 0.534635 0.603241 0.0390625 0.0601852
