3 0.541667 0.531482 0.0427083 0.012963
3 0.53151 0.506019 0.0317708 0.0194444
1 0.533594 0.587963 0.0557292 0.0703704
0 0.559896 0.365278 0.0354167 0.0490741
3 0.604688 0.345833 0.0385417 0.0175926
3 0.600521 0.353241 0.0447917 0.0175926
0 0.500521 0.393981 0.040625 0.0601852
3 0.472135 0.311111 0.0286458 0.0148148
3 0.499479 0.356481 0.0375 0.0203704
0 0.469271 0.333333 0.03125 0.0574074
1 0.561458 0.365278 0.0395833 0.0509259
3 0.564844 0.331944 0.0411458 0.012037
3 0.49401 0.343056 0.0515625 0.00833333
1 0.502604 0.402315 0.0333333 0.0601852
0 0.538281 0.581481 0.0526042 0.0888889
1 0.597396 0.389352 0.0427083 0.0564815
1 0.53125 0.475 0.0479167 0.0574074
3 0.532031 0.434259 0.0421875 0.012963
3 0.608854 0.332407 0.0395833 0.012963
