3 0.461979 0.318056 0.0385417 0.0212963
0 0.602604 0.37963 0.0364583 0.062963
3 0.601302 0.351389 0.0421875 0.0287037
3 0.532292 0.435648 0.0322917 0.0268519
3 0.453125 0.325 0.04375 0.0148148
0 0.497396 0.363889 0.03125 0.0444444
1 0.539844 0.560648 0.0442708 0.0546296
0 0.497396 0.385185 0.0395833 0.062963
3 0.45 0.32963 0.034375 0.012963
0 0.502865 0.406944 0.0432292 0.0657407
3 0.497917 0.361111 0.0302083 0.0351852
3 0.492969 0.340278 0.0390625 0.0157407
3 0.536719 0.44213 0.0286458 0.0212963
3 0.567969 0.335185 0.0432292 0.00740741
0 0.453385 0.359722 0.0359375 0.0546296
3 0.607292 0.337963 0.0416667 0.00925926
3 0.473437 0.306019 0.0322917 0.0157407
1 0.501823 0.408333 0.0401042 0.0537037
3 0.541406 0.536574 0.0338542 0.0157407
1 0.560417 0.362963 0.0333333 0.0611111
0 0.534896 0.462963 0.0364583 0.05
1 0.53724 0.600926 0.0390625 0.0666667
1 0.59974 0.381019 0.0369792 0.0731481
1 0.536458 0.468519 0.0322917 0.0481481
