0 0.468229 0.341204 0.0270833 0.0546296
3 0.5 0.360648 0.0322917 0.0194444
3 0.535937 0.374537 0.0354167 0.0138889
3 0.492448 0.335648 0.0369792 0.0101852
0 0.534635 0.594907 0.0505208 0.0564815
3 0.49349 0.353241 0.0328125 0.0212963
1 0.560677 0.364352 0.0307292 0.0601852
3 0.602344 0.352315 0.0380208 0.0305556
3 0.545052 0.539815 0.0421875 0.012963
0 0.561719 0.365741 0.0328125 0.05
1 0.533854 0.473148 0.0354167 0.0592593
3 0.603646 0.333333 0.0427083 0.012963
3 0.534896 0.439352 0.0385417 0.0157407
0 0.461979 0.359722 0.0364583 0.0601852
0 0.532292 0.470833 0.0416667 0.0546296
3 0.565365 0.33287 0.0401042 0.0101852
3 0.47474 0.309722 0.0348958 0.0138889
1 0.600521 0.390278 0.0333333 0.0435185
1 0.536719 0.606019 0.0421875 0.0546296
3 0.538542 0.560648 0.0375 0.0175926
