0 0.604688 0.380556 0.0385417 0.0537037
3 0.533073 0.507407 0.0359375 0.0203704
0 0.536719 0.577315 0.0432292 0.0712963
1 0.538802 0.559722 0.0369792 0.0398148
3 0.470313 0.312037 0.03125 0.0148148
0 0.472396 0.332407 0.0333333 0.0555556
3 0.490365 0.335185 0.0359375 0.0111111
0 0.563021 0.366204 0.034375 0.0435185
3 0.604688 0.347222 0.0364583 0.0222222
1 0.539583 0.574537 0.028125 0.0787037
3 0.542708 0.531018 0.0364583 0.012037
3 0.535156 0.435185 0.0338542 0.0111111
0 0.532812 0.467593 0.0354167 0.0537037
1 0.502604 0.393981 0.0354167 0.0564815
0 0.503125 0.393056 0.0427083 0.0472222
1 0.564844 0.361574 0.0338542 0.0564815
3 0.500521 0.361111 0.0385417 0.0166667
3 0.607813 0.333333 0.0354167 0.0111111
1 0.601823 0.383333 0.0421875 0.0592593
1 0.538802 0.595833 0.0411458 0.0712963
3 0.564844 0.329167 0.0432292 0.0101852
1 0.529948 0.473611 0.0442708 0.0583333
