1 0.515365 0.368981 0.0442708 0.0694444
3 0.597656 0.369444 0.0359375 0.0259259
3 0.52526 0.277778 0.0369792 0.00925926
3 0.524219 0.292593 0.0348958 0.0351852
1 0.603646 0.421296 0.0385417 0.0537037
0 0.567969 0.313889 0.0296875 0.0518519
1 0.584375 0.368056 0.0291667 0.0509259
0 0.525521 0.310185 0.0333333 0.0537037
1 0.569531 0.316667 0.0369792 0.0592593
0 0.470313 0.474074 0.0375 0.062963
1 0.521615 0.314352 0.0213542 0.0583333
1 0.608333 0.4375 0.0291667 0.0527778
1 0.598698 0.404167 0.0390625 0.0435185
1 0.627865 0.459259 0.0380208 0.0592593
3 0.577083 0.3375 0.0354167 0.0138889
0 0.635417 0.471296 0.0270833 0.0592593
0 0.513021 0.371296 0.0427083 0.0722222
1 0.63125 0.476389 0.0333333 0.0416667
3 0.599219 0.359722 0.0442708 0.0175926
3 0.592969 0.354167 0.0380208 0.0138889
3 0.571875 0.291204 0.0364583 0.0212963
