3 0.5375 0.568981 0.0458333 0.0490741
3 0.535937 0.438889 0.0291667 0.0185185
3 0.456771 0.546296 0.0458333 0.0166667
3 0.484375 0.337037 0.0354167 0.0148148
0 0.498958 0.399074 0.0447917 0.0648148
3 0.565365 0.333796 0.0411458 0.0101852
3 0.534115 0.433796 0.0380208 0.0157407
3 0.496354 0.365278 0.0447917 0.0231481
1 0.500781 0.405093 0.0401042 0.0564815
1 0.539323 0.558333 0.0463542 0.0574074
3 0.494271 0.350463 0.0385417 0.0212963
1 0.596354 0.388426 0.0489583 0.0694444
1 0.55599 0.363889 0.0348958 0.062963
0 0.532552 0.467593 0.0411458 0.0537037
3 0.49375 0.339352 0.04375 0.0101852
3 0.541406 0.540278 0.0348958 0.0175926
1 0.533073 0.471759 0.0307292 0.0583333
1 0.535156 0.596759 0.0463542 0.0731481
