3 0.48724 0.5125 0.0411458 0.012037
1 0.540625 0.561574 0.0427083 0.0638889
3 0.601562 0.353704 0.040625 0.0388889
3 0.520573 0.4 0.0338542 0.0388889
3 0.521615 0.377778 0.0338542 0.0222222
0 0.482812 0.553704 0.0520833 0.0703704
0 0.534896 0.590278 0.0458333 0.0787037
0 0.472656 0.342593 0.0317708 0.0555556
0 0.488802 0.358333 0.0307292 0.0518519
3 0.542708 0.533796 0.0385417 0.0194444
1 0.4875 0.366204 0.0364583 0.0490741
1 0.473698 0.342593 0.0390625 0.05
0 0.534115 0.462963 0.0380208 0.0592593
3 0.525781 0.421759 0.0421875 0.0194444
0 0.598698 0.382407 0.0359375 0.0537037
3 0.474479 0.307407 0.0302083 0.0148148
1 0.600781 0.387037 0.0369792 0.0648148
1 0.534115 0.467593 0.0390625 0.0611111
1 0.535417 0.597685 0.0427083 0.0731481
3 0.603125 0.336111 0.0447917 0.0111111
