3 0.536719 0.561111 0.0421875 0.0203704
1 0.554948 0.3625 0.0276042 0.0490741
3 0.472135 0.311574 0.0328125 0.0157407
0 0.473958 0.347222 0.0354167 0.0611111
3 0.544271 0.524074 0.04375 0.0166667
3 0.533854 0.445833 0.03125 0.0324074
1 0.535156 0.46713 0.0380208 0.0546296
3 0.605208 0.34537 0.04375 0.0185185
0 0.534115 0.464352 0.0369792 0.0546296
0 0.554427 0.359722 0.0307292 0.0472222
0 0.604427 0.380093 0.0348958 0.0490741
1 0.601562 0.384259 0.040625 0.0592593
0 0.533594 0.587963 0.0505208 0.0759259
3 0.554688 0.334722 0.0385417 0.0231481
3 0.609375 0.3375 0.04375 0.012037
