3 0.55625 0.40787 0.0354167 0.012037
0 0.534896 0.460648 0.040625 0.075
3 0.521615 0.398148 0.0338542 0.0555556
1 0.603125 0.38287 0.0458333 0.0564815
1 0.540104 0.5625 0.040625 0.0472222
3 0.601562 0.359722 0.040625 0.0564815
1 0.522396 0.402315 0.0385417 0.0564815
3 0.544531 0.54537 0.0463542 0.0203704
0 0.51875 0.405093 0.0333333 0.062037
3 0.538281 0.564815 0.0442708 0.0351852
0 0.533854 0.598611 0.040625 0.0546296
3 0.602865 0.336111 0.0401042 0.0111111
1 0.538281 0.469907 0.0369792 0.0694444
0 0.603646 0.37963 0.0395833 0.0555556
3 0.523698 0.385648 0.0380208 0.025
1 0.5375 0.603241 0.0427083 0.0657407
