3 0.531771 0.45 0.0375 0.0351852
0 0.526302 0.384259 0.0369792 0.0574074
3 0.540625 0.53287 0.0447917 0.0138889
1 0.598698 0.37963 0.0380208 0.0592593
1 0.521354 0.384722 0.0375 0.0509259
3 0.474479 0.312963 0.0354167 0.0111111
3 0.542969 0.34213 0.0411458 0.0101852
3 0.476042 0.328241 0.0302083 0.0212963
1 0.536719 0.594907 0.0473958 0.0805556
3 0.492708 0.339815 0.0416667 0.00925926
0 0.539062 0.590741 0.0427083 0.0851852
0 0.598437 0.383796 0.0364583 0.0527778
0 0.490885 0.371296 0.0317708 0.0537037
0 0.529948 0.466204 0.0432292 0.0601852
3 0.605469 0.331019 0.0421875 0.0101852
