3 0.602083 0.352315 0.04375 0.0175926
0 0.471615 0.333333 0.0296875 0.0462963
3 0.54349 0.356944 0.0359375 0.0398148
3 0.473698 0.310648 0.0317708 0.0138889
3 0.538021 0.565278 0.04375 0.0324074
3 0.533073 0.437963 0.0296875 0.0203704
0 0.539583 0.381481 0.0302083 0.0537037
0 0.50625 0.376389 0.0385417 0.062037
0 0.519531 0.381019 0.0348958 0.0527778
3 0.540885 0.537037 0.0359375 0.012963
3 0.472656 0.331944 0.0286458 0.0324074
3 0.494271 0.337963 0.0416667 0.00925926
3 0.553385 0.340741 0.0421875 0.00925926
1 0.540104 0.378241 0.0375 0.0564815
3 0.603385 0.343981 0.0421875 0.0175926
0 0.49375 0.368519 0.0322917 0.0574074
0 0.59974 0.393981 0.0442708 0.0583333
0 0.534635 0.599537 0.0442708 0.0675926
0 0.532812 0.466667 0.0364583 0.0555556
3 0.607031 0.337037 0.0411458 0.012963
3 0.536979 0.556944 0.0354167 0.0175926
1 0.534635 0.6 0.0432292 0.0685185
