1 0.596615 0.445833 0.0401042 0.0435185
1 0.582031 0.413889 0.0307292 0.0462963
3 0.590885 0.350463 0.0453125 0.012037
0 0.4875 0.43287 0.0427083 0.0712963
1 0.566146 0.375 0.034375 0.0648148
3 0.569792 0.298148 0.0427083 0.0111111
3 0.513021 0.331944 0.0354167 0.012037
1 0.564062 0.355556 0.03125 0.0444444
3 0.59974 0.446759 0.0390625 0.0305556
1 0.501042 0.391204 0.0479167 0.0712963
1 0.505469 0.318981 0.0390625 0.0583333
3 0.567969 0.310185 0.0348958 0.0166667
3 0.505729 0.324537 0.0364583 0.0231481
0 0.478125 0.464815 0.0333333 0.0611111
1 0.571615 0.391667 0.0307292 0.0555556
3 0.599479 0.424074 0.0375 0.0111111
0 0.500781 0.391667 0.0463542 0.0703704
1 0.605729 0.47037 0.0395833 0.0555556
