3 0.474479 0.335648 0.0302083 0.0324074
0 0.534896 0.443981 0.0260417 0.0490741
0 0.554688 0.356944 0.03125 0.0453704
0 0.507812 0.405556 0.0333333 0.0518519
0 0.538021 0.585185 0.053125 0.0851852
1 0.495833 0.363426 0.034375 0.0490741
3 0.607031 0.336111 0.0432292 0.012963
1 0.473177 0.337963 0.0390625 0.0481481
0 0.470833 0.3375 0.0302083 0.0509259
1 0.555729 0.357407 0.0385417 0.0444444
3 0.492969 0.340278 0.0390625 0.012037
3 0.474479 0.311111 0.028125 0.0148148
3 0.54375 0.523148 0.0458333 0.0111111
1 0.502865 0.408333 0.0359375 0.0537037
3 0.498958 0.361574 0.0291667 0.0287037
1 0.598958 0.386111 0.03125 0.0481481
1 0.54375 0.576389 0.0447917 0.0861111
3 0.604427 0.354167 0.0369792 0.0231481
3 0.555208 0.33287 0.0385417 0.0157407
0 0.53125 0.462037 0.0354167 0.0592593
1 0.533073 0.466204 0.0286458 0.0509259
