3 0.544271 0.341204 0.0427083 0.0101852
3 0.520573 0.380093 0.0338542 0.0287037
0 0.51875 0.402315 0.0333333 0.0564815
0 0.489323 0.359722 0.0348958 0.0453704
0 0.604688 0.375926 0.046875 0.0611111
3 0.53151 0.446296 0.0307292 0.0351852
1 0.540365 0.593518 0.0484375 0.0537037
3 0.521615 0.366204 0.0401042 0.0175926
1 0.517187 0.407407 0.034375 0.0462963
0 0.476562 0.343981 0.0395833 0.0583333
1 0.600521 0.374074 0.0479167 0.0777778
0 0.532812 0.466204 0.0375 0.0527778
3 0.476302 0.309259 0.0338542 0.0148148
3 0.543229 0.532407 0.04375 0.012963
0 0.541667 0.588426 0.0427083 0.0787037
3 0.605208 0.330093 0.0458333 0.0138889
