1 0.488542 0.366204 0.0375 0.0509259
3 0.601302 0.348148 0.0421875 0.0333333
0 0.51849 0.410648 0.0317708 0.0509259
1 0.544792 0.556944 0.0479167 0.0509259
1 0.517708 0.403241 0.0291667 0.0583333
3 0.532552 0.443519 0.0338542 0.0296296
0 0.534375 0.465278 0.0385417 0.0509259
3 0.601823 0.331481 0.0463542 0.0185185
1 0.600781 0.381019 0.0401042 0.0583333
0 0.480729 0.352315 0.0416667 0.062037
3 0.546094 0.535185 0.0380208 0.012963
3 0.476562 0.310648 0.0458333 0.0138889
1 0.539583 0.599074 0.0364583 0.062963
1 0.533073 0.46713 0.0338542 0.0564815
3 0.522396 0.388426 0.040625 0.0231481
