0 0.473698 0.331481 0.0265625 0.037037
0 0.49375 0.383796 0.0458333 0.0601852
1 0.540885 0.596759 0.0421875 0.0398148
3 0.489323 0.341204 0.0421875 0.0101852
3 0.610156 0.331481 0.0421875 0.0111111
3 0.502604 0.364815 0.0385417 0.012963
1 0.539844 0.565278 0.0442708 0.0601852
3 0.534375 0.506481 0.0395833 0.0185185
3 0.53724 0.513426 0.0359375 0.0175926
3 0.49974 0.37963 0.0380208 0.0314815
0 0.482031 0.356944 0.0328125 0.0416667
3 0.532552 0.450926 0.0348958 0.0259259
0 0.503646 0.401389 0.0354167 0.0583333
3 0.47474 0.341204 0.0338542 0.0342593
1 0.554427 0.356481 0.0307292 0.0574074
3 0.605469 0.346296 0.0411458 0.0259259
0 0.532552 0.466204 0.0380208 0.0546296
0 0.472135 0.348148 0.0359375 0.062963
0 0.606771 0.37963 0.0427083 0.0685185
0 0.55599 0.358796 0.0328125 0.0453704
3 0.539844 0.526852 0.0401042 0.012963
3 0.472396 0.306019 0.0270833 0.0138889
0 0.541667 0.581481 0.0479167 0.0851852
1 0.602604 0.374537 0.046875 0.0824074
1 0.532292 0.468519 0.040625 0.0555556
3 0.555208 0.334722 0.0375 0.0212963
3 0.607031 0.337037 0.0453125 0.0111111
