3 0.473437 0.338426 0.0260417 0.0361111
0 0.604167 0.37037 0.0385417 0.0444444
0 0.553125 0.365741 0.03125 0.05
3 0.533073 0.466204 0.0401042 0.0546296
3 0.538802 0.440741 0.0390625 0.0111111
1 0.536979 0.602315 0.0416667 0.0638889
3 0.601562 0.360185 0.0385417 0.0259259
1 0.472656 0.342593 0.0359375 0.037037
3 0.535156 0.555556 0.0369792 0.0259259
3 0.552604 0.324537 0.0447917 0.012037
3 0.472656 0.311574 0.0296875 0.0157407
3 0.541667 0.534259 0.0385417 0.012963
1 0.60026 0.383796 0.0348958 0.0657407
0 0.533333 0.469444 0.0354167 0.0518519
0 0.467969 0.335185 0.0265625 0.0518519
0 0.598958 0.387037 0.034375 0.0518519
3 0.491146 0.338426 0.040625 0.00833333
0 0.536719 0.588889 0.0432292 0.0722222
0 0.492448 0.381019 0.0442708 0.062037
3 0.536719 0.447222 0.0369792 0.0185185
1 0.554948 0.368981 0.0328125 0.0583333
3 0.608073 0.336574 0.0421875 0.00833333
