3 0.530729 0.438889 0.034375 0.0222222
3 0.482552 0.511574 0.0380208 0.0157407
0 0.515365 0.425463 0.0338542 0.0527778
3 0.539062 0.478704 0.0364583 0.0296296
3 0.604427 0.339352 0.0432292 0.012037
1 0.536198 0.465741 0.0380208 0.0407407
3 0.542708 0.526389 0.0395833 0.0157407
1 0.516927 0.422685 0.0390625 0.0509259
3 0.51849 0.400463 0.0307292 0.0453704
0 0.535937 0.576389 0.0479167 0.0768519
1 0.473437 0.347685 0.040625 0.062037
3 0.517969 0.384722 0.0390625 0.0101852
3 0.472917 0.303241 0.040625 0.012037
0 0.473698 0.346296 0.0380208 0.0611111
1 0.533854 0.600926 0.0416667 0.062963
3 0.541146 0.516204 0.040625 0.0157407
0 0.601562 0.3875 0.0447917 0.062037
