0 0.480729 0.386574 0.0447917 0.0601852
0 0.533073 0.595833 0.0442708 0.0472222
1 0.518229 0.404167 0.0364583 0.0509259
3 0.554427 0.409259 0.0380208 0.00925926
0 0.539062 0.558796 0.034375 0.0435185
3 0.603906 0.349074 0.0432292 0.0166667
3 0.48151 0.351852 0.0359375 0.0277778
3 0.475781 0.337963 0.0369792 0.0351852
0 0.482292 0.365741 0.0375 0.0648148
3 0.540365 0.542593 0.0369792 0.0203704
1 0.528125 0.469444 0.04375 0.0555556
0 0.598958 0.385648 0.0375 0.0509259
0 0.536719 0.56713 0.0463542 0.0731481
3 0.599479 0.359259 0.0395833 0.0185185
3 0.520573 0.416204 0.0255208 0.0194444
1 0.534635 0.600463 0.0390625 0.0657407
1 0.598958 0.386574 0.0354167 0.0583333
3 0.517969 0.383333 0.0369792 0.0166667
0 0.526563 0.463889 0.0385417 0.0555556
3 0.608594 0.332407 0.0401042 0.012963
