1 0.476302 0.331481 0.0380208 0.0574074
0 0.538021 0.557407 0.0354167 0.0462963
3 0.47474 0.315278 0.0369792 0.0231481
3 0.477344 0.350926 0.0401042 0.0296296
1 0.541146 0.599074 0.03125 0.0518519
0 0.51276 0.415741 0.0328125 0.0518519
3 0.602865 0.352778 0.0411458 0.0333333
3 0.540104 0.5375 0.0364583 0.0175926
1 0.515365 0.415278 0.0328125 0.0453704
0 0.476562 0.330556 0.0395833 0.0574074
0 0.530469 0.462037 0.0369792 0.05
0 0.602344 0.377778 0.0369792 0.0518519
0 0.540365 0.581019 0.0369792 0.0768519
1 0.528125 0.468519 0.034375 0.0537037
1 0.600781 0.383333 0.0380208 0.0611111
3 0.605469 0.337037 0.0442708 0.0111111
