3 0.540104 0.560648 0.040625 0.0268519
3 0.539844 0.575926 0.0432292 0.05
3 0.540104 0.537037 0.0354167 0.0166667
3 0.516406 0.381944 0.0432292 0.0101852
0 0.60026 0.381019 0.0380208 0.0564815
0 0.516406 0.410648 0.0369792 0.0657407
3 0.474479 0.311574 0.0458333 0.0138889
1 0.600781 0.383333 0.0401042 0.0666667
1 0.530729 0.47037 0.03125 0.0592593
0 0.478906 0.354167 0.0484375 0.0657407
0 0.538802 0.591204 0.0432292 0.0824074
3 0.605729 0.330556 0.0416667 0.0111111
0 0.532292 0.465741 0.0364583 0.0518519
