0 0.486979 0.361574 0.040625 0.0583333
0 0.542969 0.574074 0.0380208 0.0555556
3 0.476562 0.305556 0.0479167 0.012963
3 0.539844 0.553704 0.0328125 0.0314815
1 0.533333 0.464815 0.0322917 0.05
3 0.520833 0.384722 0.0427083 0.0138889
0 0.533073 0.464352 0.0401042 0.0546296
0 0.476042 0.350463 0.0479167 0.075
0 0.516406 0.408796 0.0296875 0.0601852
3 0.541667 0.538889 0.04375 0.0166667
0 0.541927 0.605556 0.0432292 0.0574074
1 0.600521 0.379167 0.0375 0.0675926
3 0.603646 0.331481 0.0427083 0.012963
