3 0.399219 0.421759 0.0359375 0.0435185
0 0.365885 0.558796 0.0296875 0.0305556
1 0.444531 0.470833 0.0317708 0.0657407
3 0.488542 0.452778 0.040625 0.0333333
3 0.448958 0.432407 0.040625 0.0148148
0 0.397396 0.434259 0.0375 0.0574074
1 0.494271 0.535648 0.0375 0.062037
3 0.555208 0.415741 0.0395833 0.0111111
1 0.546615 0.498148 0.0328125 0.0685185
3 0.396094 0.40787 0.0380208 0.012037
0 0.367188 0.563889 0.0364583 0.0592593
0 0.425521 0.525463 0.04375 0.0916667
1 0.489323 0.460185 0.0328125 0.0518519
1 0.490365 0.503241 0.0296875 0.0601852
3 0.495313 0.355093 0.0375 0.012037
1 0.451562 0.457407 0.03125 0.05
0 0.392188 0.62037 0.0322917 0.0555556
1 0.550781 0.45 0.0328125 0.0592593
1 0.503385 0.547222 0.0359375 0.062963
1 0.49375 0.386111 0.034375 0.0518519
1 0.541406 0.516667 0.0421875 0.0555556
3 0.367448 0.543519 0.0463542 0.012963
