3 0.477604 0.303704 0.0447917 0.00925926
3 0.529948 0.481019 0.0432292 0.0509259
3 0.516406 0.377315 0.0421875 0.0194444
3 0.476302 0.352315 0.0432292 0.0453704
0 0.530729 0.468981 0.0364583 0.062037
0 0.515365 0.410648 0.0348958 0.0601852
1 0.602604 0.377778 0.040625 0.0703704
3 0.515365 0.402315 0.0359375 0.037963
3 0.603646 0.347685 0.0427083 0.0268519
0 0.597917 0.388889 0.040625 0.0611111
0 0.477865 0.347685 0.0442708 0.0638889
3 0.541406 0.540741 0.0380208 0.0185185
0 0.542708 0.589815 0.0458333 0.0888889
3 0.605729 0.339815 0.046875 0.0111111
