1 0.47526 0.336111 0.0453125 0.05
3 0.555729 0.410185 0.0364583 0.00925926
3 0.522656 0.407407 0.0338542 0.0314815
3 0.530729 0.429167 0.04375 0.0194444
3 0.473958 0.32963 0.034375 0.0481481
0 0.538281 0.576852 0.0421875 0.0703704
1 0.488542 0.36713 0.0375 0.0546296
0 0.476823 0.343056 0.0390625 0.0583333
0 0.484115 0.362963 0.0390625 0.062963
1 0.516406 0.406019 0.0390625 0.0509259
3 0.539062 0.539352 0.0375 0.0212963
3 0.527083 0.414352 0.0395833 0.0157407
3 0.602604 0.34537 0.040625 0.0259259
1 0.59974 0.387037 0.0432292 0.0666667
3 0.476302 0.3125 0.0369792 0.0138889
0 0.531771 0.468519 0.040625 0.0574074
3 0.517708 0.383333 0.0375 0.0222222
0 0.59974 0.386111 0.0473958 0.0648148
1 0.53099 0.470833 0.0473958 0.0675926
1 0.534115 0.601389 0.0401042 0.0583333
3 0.603646 0.3375 0.0458333 0.0138889
