3 0.523698 0.425926 0.0348958 0.0296296
3 0.474219 0.331019 0.0390625 0.0398148
3 0.603125 0.35 0.034375 0.0333333
0 0.604167 0.371759 0.0375 0.0490741
1 0.527344 0.468519 0.0473958 0.0611111
1 0.533073 0.589815 0.0421875 0.0814815
3 0.515104 0.371296 0.0458333 0.0148148
3 0.540885 0.535185 0.0359375 0.0166667
3 0.527344 0.442593 0.0442708 0.0203704
0 0.517448 0.414815 0.0401042 0.0703704
0 0.528125 0.468519 0.0427083 0.0574074
0 0.598698 0.3875 0.0359375 0.0546296
0 0.53724 0.573611 0.0453125 0.0805556
3 0.605729 0.336574 0.0427083 0.0101852
