1 0.601042 0.378704 0.0427083 0.0703704
3 0.534896 0.446296 0.0458333 0.0425926
1 0.536198 0.593518 0.0453125 0.0814815
3 0.600781 0.34537 0.0411458 0.0222222
3 0.542448 0.52963 0.0421875 0.012963
1 0.517187 0.406944 0.0302083 0.0509259
3 0.520312 0.387037 0.0385417 0.0222222
0 0.517969 0.412963 0.0296875 0.0518519
0 0.53776 0.582407 0.0536458 0.0888889
1 0.539062 0.46713 0.0375 0.062037
0 0.602604 0.384722 0.0458333 0.0583333
0 0.479688 0.349537 0.040625 0.0564815
3 0.478125 0.3125 0.0489583 0.0138889
3 0.604688 0.3375 0.0458333 0.012037
