3 0.523177 0.424537 0.0380208 0.0490741
3 0.516927 0.405093 0.0359375 0.0416667
1 0.53125 0.467593 0.0385417 0.0444444
3 0.601562 0.349537 0.0364583 0.0287037
3 0.472917 0.313426 0.034375 0.0138889
3 0.541146 0.531944 0.0395833 0.012037
3 0.528385 0.4375 0.0380208 0.0212963
0 0.473177 0.339352 0.0348958 0.0546296
0 0.529948 0.462963 0.0432292 0.05
1 0.534896 0.591667 0.0375 0.0666667
1 0.472917 0.342593 0.0385417 0.05
0 0.51849 0.418056 0.0369792 0.0657407
0 0.536979 0.581944 0.0458333 0.0768519
3 0.516146 0.374074 0.040625 0.012963
0 0.596875 0.39213 0.04375 0.0546296
3 0.606771 0.334722 0.0427083 0.0101852
