3 0.536198 0.561111 0.0442708 0.0259259
3 0.539062 0.517593 0.0395833 0.0148148
3 0.515365 0.381019 0.0432292 0.0138889
3 0.505729 0.370833 0.0354167 0.025
3 0.604948 0.346296 0.0411458 0.0277778
1 0.603385 0.3875 0.0473958 0.0583333
1 0.534375 0.595833 0.046875 0.0657407
0 0.515885 0.416667 0.0328125 0.0555556
0 0.545313 0.451389 0.034375 0.0583333
3 0.476042 0.306944 0.0447917 0.012037
0 0.475 0.344907 0.0364583 0.0583333
0 0.534896 0.591204 0.0520833 0.0861111
0 0.605469 0.380556 0.0421875 0.0574074
3 0.605208 0.3375 0.0489583 0.0101852
