3 0.489323 0.428704 0.0348958 0.0203704
3 0.365885 0.555093 0.0401042 0.0527778
1 0.423438 0.520833 0.0427083 0.0861111
3 0.448438 0.436111 0.0427083 0.0111111
3 0.447396 0.447685 0.0416667 0.0231481
1 0.489323 0.463426 0.0338542 0.0435185
0 0.369271 0.568056 0.040625 0.062037
1 0.490885 0.48287 0.0369792 0.0675926
3 0.488021 0.446296 0.0395833 0.0314815
1 0.447917 0.460185 0.0260417 0.0444444
3 0.553385 0.418519 0.0411458 0.012963
1 0.503906 0.543981 0.0380208 0.0787037
0 0.390625 0.618981 0.0395833 0.0712963
1 0.551042 0.448148 0.040625 0.0574074
3 0.491927 0.421759 0.0359375 0.0157407
3 0.494531 0.355093 0.0380208 0.012037
1 0.491146 0.508333 0.034375 0.062963
3 0.365365 0.540278 0.0494792 0.0101852
1 0.49375 0.381019 0.034375 0.0564815
1 0.541146 0.516204 0.0385417 0.0564815
