0 0.527865 0.430556 0.0473958 0.0703704
3 0.475781 0.311111 0.0348958 0.0259259
1 0.603646 0.3625 0.03125 0.0546296
3 0.477344 0.302315 0.0411458 0.0101852
0 0.548698 0.455556 0.0348958 0.0537037
1 0.47474 0.337037 0.0421875 0.0592593
3 0.5375 0.555093 0.0364583 0.0268519
0 0.59974 0.378704 0.0338542 0.0518519
3 0.535937 0.537037 0.0375 0.0148148
3 0.517187 0.378704 0.0385417 0.0111111
1 0.533073 0.603241 0.0411458 0.0583333
0 0.474479 0.334259 0.0385417 0.0574074
0 0.53099 0.595833 0.0390625 0.0472222
0 0.515885 0.414352 0.0317708 0.0546296
1 0.6 0.38287 0.0364583 0.0657407
3 0.60651 0.332407 0.0390625 0.012963
