1 0.477083 0.338426 0.0479167 0.0453704
1 0.550521 0.443056 0.0364583 0.0638889
3 0.605469 0.338889 0.0421875 0.0111111
3 0.535677 0.553241 0.0380208 0.0194444
3 0.476042 0.306944 0.0416667 0.012037
1 0.602344 0.3875 0.0338542 0.0583333
3 0.602344 0.360185 0.0359375 0.0333333
0 0.533333 0.59213 0.0510417 0.0824074
0 0.598958 0.381481 0.0322917 0.0518519
3 0.53724 0.5375 0.0411458 0.012037
0 0.554167 0.446759 0.0385417 0.0657407
0 0.515365 0.416204 0.0317708 0.0583333
1 0.534896 0.592593 0.0510417 0.0796296
