3 0.52474 0.41713 0.0348958 0.0435185
0 0.546354 0.556481 0.0302083 0.037037
3 0.540104 0.521759 0.0447917 0.0138889
3 0.546094 0.555093 0.0338542 0.0416667
3 0.475 0.302778 0.0385417 0.0111111
3 0.50625 0.365741 0.040625 0.0259259
1 0.603646 0.389815 0.040625 0.0537037
3 0.544271 0.534259 0.0364583 0.0185185
1 0.538542 0.600926 0.0322917 0.062963
0 0.536979 0.587963 0.0447917 0.0685185
0 0.601042 0.382407 0.0385417 0.0518519
0 0.519792 0.412037 0.0354167 0.0611111
0 0.47474 0.343981 0.0380208 0.0638889
3 0.606771 0.339815 0.0489583 0.0111111
