3 0.473177 0.304167 0.0473958 0.00833333
1 0.517969 0.418056 0.0328125 0.0583333
3 0.601302 0.34537 0.0432292 0.0222222
1 0.551042 0.452315 0.0291667 0.0675926
3 0.536458 0.556481 0.0364583 0.0277778
0 0.53724 0.584722 0.0473958 0.0657407
0 0.474219 0.34213 0.0348958 0.0564815
3 0.536979 0.536111 0.0375 0.0148148
0 0.598698 0.380556 0.0338542 0.05
1 0.47526 0.343981 0.0411458 0.0472222
1 0.53724 0.60463 0.0421875 0.0592593
0 0.55 0.453241 0.0385417 0.062037
0 0.514844 0.411111 0.0307292 0.0537037
1 0.598958 0.382407 0.0333333 0.0574074
3 0.60599 0.337963 0.0442708 0.012963
