3 0.596615 0.455093 0.0421875 0.0231481
0 0.594531 0.494907 0.0390625 0.0694444
3 0.540104 0.372685 0.0458333 0.0157407
3 0.472396 0.390278 0.04375 0.0157407
3 0.474479 0.331944 0.0395833 0.012037
3 0.473698 0.378704 0.0307292 0.0296296
0 0.553906 0.451852 0.0359375 0.0518519
3 0.589063 0.442593 0.0416667 0.0166667
3 0.538542 0.363426 0.0520833 0.012037
3 0.543229 0.39537 0.0395833 0.0222222
1 0.595573 0.498611 0.0432292 0.0712963
1 0.557813 0.452778 0.028125 0.0592593
3 0.552604 0.422685 0.034375 0.0212963
0 0.473177 0.443056 0.0609375 0.0953704
3 0.592448 0.447685 0.0484375 0.0138889
