3 0.619792 0.348611 0.0270833 0.0305556
0 0.478906 0.467593 0.0286458 0.0518519
3 0.56875 0.279167 0.0416667 0.0138889
1 0.609896 0.393981 0.0239583 0.0416667
0 0.491146 0.506944 0.0479167 0.0675926
0 0.473437 0.445833 0.0291667 0.062037
3 0.621875 0.339815 0.03125 0.0222222
1 0.585417 0.366204 0.0333333 0.0527778
0 0.623698 0.444907 0.0411458 0.0527778
0 0.533594 0.306944 0.0286458 0.0564815
0 0.567187 0.319907 0.03125 0.0583333
3 0.542448 0.266667 0.0473958 0.0166667
3 0.515885 0.326852 0.0401042 0.0148148
1 0.625 0.452315 0.0322917 0.0601852
1 0.569531 0.325463 0.0286458 0.0509259
0 0.515885 0.373148 0.0432292 0.0777778
