1 0.599479 0.502778 0.0427083 0.0703704
0 0.553125 0.444907 0.0302083 0.0435185
3 0.476823 0.391204 0.0411458 0.025
3 0.548958 0.411574 0.0427083 0.0175926
1 0.476302 0.366667 0.0411458 0.0574074
3 0.541667 0.36713 0.0541667 0.0138889
3 0.540625 0.375926 0.0427083 0.0166667
1 0.553125 0.463426 0.0354167 0.0638889
0 0.478385 0.467593 0.0390625 0.0574074
0 0.477083 0.440741 0.0458333 0.0759259
0 0.551823 0.463889 0.0442708 0.0555556
0 0.595052 0.493519 0.0442708 0.0703704
3 0.475781 0.331019 0.0421875 0.0138889
3 0.589583 0.439352 0.0458333 0.0157407
3 0.542448 0.398148 0.0411458 0.0185185
3 0.552604 0.42037 0.040625 0.0148148
