1 0.470313 0.371296 0.0333333 0.0537037
0 0.467448 0.453704 0.0484375 0.0685185
0 0.470573 0.373611 0.0338542 0.0638889
0 0.473437 0.375926 0.0260417 0.037037
3 0.547656 0.415278 0.0380208 0.0157407
3 0.541667 0.367593 0.0510417 0.012963
0 0.488021 0.425926 0.0354167 0.0611111
3 0.598958 0.464815 0.04375 0.0111111
1 0.553385 0.469444 0.0359375 0.0666667
3 0.540625 0.377778 0.0395833 0.0166667
0 0.473177 0.432407 0.0432292 0.0722222
3 0.590104 0.437037 0.0447917 0.0185185
3 0.472656 0.3375 0.0390625 0.0101852
0 0.592708 0.493519 0.0479167 0.0740741
3 0.550521 0.423611 0.0385417 0.0157407
0 0.552865 0.465278 0.0442708 0.0601852
3 0.472656 0.383333 0.0338542 0.0351852
3 0.540625 0.39537 0.0395833 0.0203704
