0 0.579427 0.489815 0.0432292 0.0518519
3 0.468229 0.392593 0.034375 0.0222222
3 0.598437 0.468056 0.0447917 0.0138889
0 0.530729 0.401389 0.03125 0.0509259
3 0.593229 0.463426 0.040625 0.0101852
1 0.528906 0.408333 0.0401042 0.0518519
1 0.576563 0.489352 0.0354167 0.0361111
0 0.553125 0.460185 0.0364583 0.0555556
1 0.554167 0.459722 0.0322917 0.0583333
3 0.549479 0.418981 0.0354167 0.025
3 0.529688 0.367593 0.0447917 0.012963
3 0.543229 0.401852 0.0354167 0.0166667
0 0.465104 0.447685 0.0552083 0.0935185
1 0.599219 0.513426 0.0328125 0.0564815
