0 0.713802 0.190278 0.0380208 0.0583333
3 0.746354 0.0976852 0.040625 0.0101852
3 0.696354 0.163426 0.0375 0.012037
3 0.72526 0.135648 0.0317708 0.0138889
3 0.647135 0.224537 0.0348958 0.0101852
3 0.75599 0.0986111 0.0432292 0.0157407
0 0.723958 0.174074 0.03125 0.0555556
0 0.69401 0.225 0.0307292 0.0537037
1 0.750521 0.12963 0.034375 0.0481481
0 0.751823 0.131019 0.0265625 0.0509259
3 0.61849 0.291204 0.0401042 0.0101852
0 0.614583 0.321296 0.03125 0.0537037
0 0.639844 0.261574 0.0338542 0.0564815
