0 0.472917 0.468056 0.046875 0.0805556
1 0.532552 0.402315 0.0411458 0.0509259
3 0.55 0.419907 0.03125 0.0268519
1 0.470052 0.371759 0.0338542 0.0564815
0 0.554427 0.453704 0.0348958 0.0611111
1 0.567448 0.506019 0.0369792 0.0583333
3 0.59375 0.510185 0.0375 0.0185185
3 0.560156 0.465741 0.0307292 0.0407407
3 0.542188 0.401389 0.0333333 0.0138889
0 0.596354 0.539815 0.034375 0.0574074
3 0.552344 0.405093 0.0338542 0.012037
1 0.555208 0.45463 0.0354167 0.05
3 0.472396 0.3375 0.0395833 0.0101852
3 0.53099 0.370833 0.0369792 0.0138889
1 0.592708 0.54213 0.0385417 0.0601852
0 0.457812 0.457407 0.0489583 0.0851852
