3 0.657031 0.200463 0.0359375 0.0101852
3 0.61849 0.306019 0.0286458 0.0287037
0 0.615885 0.300463 0.0421875 0.062037
3 0.759896 0.123611 0.0520833 0.0101852
3 0.75599 0.127778 0.0463542 0.0222222
0 0.617188 0.32963 0.0375 0.0592593
0 0.653906 0.231944 0.0244792 0.0490741
3 0.614323 0.261574 0.0390625 0.0157407
0 0.742708 0.173148 0.0322917 0.05
3 0.614844 0.27963 0.0411458 0.0240741
0 0.697917 0.220833 0.0375 0.0675926
3 0.613542 0.268056 0.0416667 0.0157407
3 0.698438 0.172685 0.0447917 0.0138889
