0 0.616406 0.311574 0.0276042 0.0361111
3 0.6125 0.225926 0.0291667 0.0481481
3 0.71849 0.178704 0.0328125 0.0148148
1 0.717448 0.210648 0.0380208 0.0564815
3 0.764844 0.125463 0.0411458 0.0305556
3 0.769271 0.113426 0.0395833 0.0268519
1 0.757031 0.173148 0.0296875 0.0481481
0 0.715885 0.206944 0.0307292 0.0435185
3 0.61276 0.207407 0.0359375 0.0111111
0 0.617188 0.328704 0.0322917 0.0555556
0 0.610417 0.24213 0.0375 0.0601852
0 0.671094 0.275 0.0515625 0.0888889
3 0.672135 0.225 0.0401042 0.0111111
3 0.613021 0.285648 0.0375 0.0175926
