3 0.402604 0.530093 0.0395833 0.0416667
3 0.392708 0.486574 0.0395833 0.0138889
3 0.560156 0.440741 0.0317708 0.0555556
3 0.364062 0.4625 0.046875 0.0138889
3 0.401042 0.51713 0.04375 0.0212963
3 0.58125 0.388889 0.0395833 0.0166667
0 0.403385 0.550463 0.0401042 0.0657407
1 0.554427 0.446296 0.0359375 0.062963
3 0.559115 0.424074 0.0348958 0.0185185
1 0.588802 0.429167 0.0473958 0.0546296
0 0.367969 0.499074 0.0369792 0.0666667
3 0.526823 0.387037 0.0484375 0.0111111
3 0.58724 0.394907 0.0369792 0.0138889
3 0.468229 0.45 0.040625 0.012963
1 0.527604 0.423148 0.0385417 0.0537037
0 0.464323 0.502778 0.0588542 0.0907407
