0 0.383594 0.552778 0.0421875 0.0611111
3 0.401823 0.531482 0.0359375 0.0388889
3 0.403125 0.519907 0.0375 0.012037
3 0.390885 0.48287 0.0380208 0.0101852
0 0.371094 0.553241 0.0338542 0.0527778
1 0.56875 0.411574 0.0395833 0.0564815
3 0.571094 0.374074 0.0338542 0.012963
3 0.364583 0.464815 0.0427083 0.0111111
0 0.364062 0.502778 0.0333333 0.0518519
0 0.463802 0.499537 0.0619792 0.0842593
3 0.527604 0.388889 0.0416667 0.0111111
3 0.469531 0.449537 0.0380208 0.0101852
1 0.524479 0.424074 0.0322917 0.0425926
1 0.557031 0.450926 0.0338542 0.0555556
