3 0.602344 0.26713 0.0328125 0.0231481
1 0.739844 0.193519 0.0223958 0.0537037
0 0.584115 0.24537 0.0338542 0.0444444
0 0.615885 0.307407 0.0390625 0.0444444
3 0.740365 0.173148 0.0359375 0.0222222
0 0.715625 0.214815 0.0364583 0.0518519
3 0.589583 0.232407 0.04375 0.0111111
1 0.755469 0.137963 0.0317708 0.0666667
3 0.615625 0.2875 0.0333333 0.0231481
1 0.739323 0.208796 0.0307292 0.0490741
0 0.738802 0.205556 0.0338542 0.0555556
0 0.616146 0.331019 0.0354167 0.0712963
0 0.58151 0.262037 0.0328125 0.0518519
0 0.660937 0.269907 0.0385417 0.0638889
3 0.672656 0.229167 0.0369792 0.012037
