3 0.759896 0.115278 0.0395833 0.0157407
0 0.576042 0.29213 0.0333333 0.0527778
3 0.706771 0.199537 0.034375 0.0305556
3 0.601823 0.268519 0.0505208 0.0203704
3 0.75625 0.138426 0.034375 0.0472222
0 0.740885 0.216204 0.0317708 0.0472222
3 0.58151 0.251389 0.0432292 0.0138889
1 0.707812 0.229167 0.03125 0.0564815
3 0.578906 0.264352 0.0390625 0.0175926
0 0.709115 0.223148 0.0338542 0.0462963
0 0.608333 0.319907 0.0395833 0.0601852
1 0.740885 0.219907 0.0348958 0.0601852
0 0.593229 0.322222 0.0333333 0.0518519
1 0.755208 0.152778 0.0333333 0.0555556
3 0.670052 0.227778 0.0390625 0.00925926
0 0.667969 0.273148 0.0536458 0.0740741
