3 0.676823 0.330093 0.0317708 0.0175926
3 0.527604 0.386111 0.0479167 0.012963
3 0.651823 0.313889 0.0296875 0.0277778
3 0.653646 0.300926 0.0364583 0.012963
3 0.514583 0.37963 0.05 0.012963
0 0.653125 0.334259 0.0291667 0.0462963
0 0.50625 0.408796 0.0354167 0.0527778
1 0.714583 0.364815 0.0416667 0.0518519
0 0.535677 0.430093 0.0328125 0.0657407
1 0.61224 0.401852 0.0505208 0.087037
0 0.678646 0.363889 0.025 0.0518519
1 0.652344 0.33287 0.0265625 0.0657407
3 0.707292 0.325926 0.0447917 0.0111111
3 0.607292 0.353241 0.0458333 0.00833333
0 0.610156 0.397685 0.0505208 0.087963
3 0.506771 0.376852 0.0416667 0.0111111
1 0.676042 0.369444 0.03125 0.0537037
