1 0.551562 0.452778 0.0208333 0.0425926
3 0.501562 0.452315 0.028125 0.0157407
0 0.542708 0.508333 0.0302083 0.0537037
3 0.553906 0.424537 0.0328125 0.0268519
1 0.48776 0.4625 0.0296875 0.0564815
1 0.545313 0.494907 0.0322917 0.0583333
1 0.429948 0.507407 0.0369792 0.0592593
3 0.370313 0.549537 0.0375 0.0490741
1 0.416146 0.825463 0.0427083 0.0787037
3 0.490365 0.454167 0.0380208 0.0287037
0 0.401042 0.613889 0.040625 0.0722222
0 0.414844 0.821296 0.0401042 0.0796296
1 0.449219 0.456481 0.0328125 0.05
1 0.49375 0.385648 0.0385417 0.0546296
3 0.451562 0.451389 0.0333333 0.0287037
1 0.553906 0.450463 0.0390625 0.0509259
3 0.49401 0.360185 0.0359375 0.012963
1 0.488281 0.501852 0.0317708 0.05
0 0.370313 0.557407 0.0458333 0.0592593
1 0.540885 0.515741 0.0317708 0.0481481
