3 0.60651 0.285648 0.0411458 0.0231481
3 0.601562 0.264815 0.0479167 0.0166667
3 0.755208 0.12963 0.0354167 0.0203704
3 0.579167 0.251852 0.046875 0.012963
3 0.754687 0.165278 0.0416667 0.0416667
3 0.742969 0.188889 0.0348958 0.0259259
0 0.707031 0.221759 0.0307292 0.0453704
1 0.739844 0.239352 0.0338542 0.0453704
0 0.615104 0.318519 0.0354167 0.0592593
1 0.710156 0.227778 0.0265625 0.0407407
3 0.710156 0.191204 0.0432292 0.0157407
3 0.711719 0.203241 0.0338542 0.0268519
3 0.669531 0.228241 0.0432292 0.0101852
1 0.751302 0.172222 0.0421875 0.0574074
0 0.740885 0.241667 0.0296875 0.0537037
0 0.668229 0.273148 0.0479167 0.0777778
