3 0.529948 0.290278 0.0307292 0.012037
3 0.590885 0.255093 0.0505208 0.0138889
3 0.583854 0.250926 0.046875 0.012963
0 0.527865 0.323611 0.0453125 0.0453704
3 0.510677 0.286574 0.0369792 0.0268519
3 0.689062 0.185185 0.040625 0.0111111
3 0.66849 0.226389 0.0411458 0.0175926
0 0.67526 0.262037 0.0380208 0.05
3 0.654688 0.218981 0.0447917 0.012037
0 0.68776 0.224537 0.0348958 0.0638889
3 0.539062 0.3125 0.034375 0.0212963
0 0.513021 0.316204 0.0375 0.0435185
3 0.508073 0.276389 0.0390625 0.00833333
3 0.603385 0.2625 0.0432292 0.0101852
0 0.642708 0.248148 0.0260417 0.05
0 0.593229 0.309259 0.0520833 0.0648148
