0 0.609375 0.283796 0.0385417 0.0564815
0 0.71224 0.213889 0.0359375 0.0481481
3 0.714063 0.208333 0.0395833 0.0425926
3 0.59974 0.215741 0.0421875 0.0111111
3 0.610937 0.268981 0.0385417 0.0157407
0 0.746094 0.185648 0.0286458 0.0564815
1 0.748698 0.190741 0.0359375 0.0462963
3 0.601823 0.260648 0.0317708 0.0324074
3 0.752604 0.148148 0.0354167 0.0185185
1 0.715104 0.217593 0.03125 0.0555556
3 0.760677 0.0907407 0.0401042 0.0203704
3 0.66849 0.231944 0.0401042 0.00833333
3 0.614844 0.284259 0.0390625 0.0185185
0 0.598958 0.260185 0.0375 0.062963
1 0.763281 0.124074 0.0380208 0.0574074
3 0.752083 0.155093 0.03125 0.0157407
0 0.665885 0.27963 0.0546875 0.0796296
