3 0.53099 0.398611 0.0317708 0.0175926
3 0.685938 0.401852 0.0333333 0.0481481
3 0.679167 0.325 0.0416667 0.0185185
0 0.506771 0.414352 0.0375 0.0509259
3 0.503646 0.368519 0.0479167 0.0148148
0 0.684635 0.415741 0.0401042 0.0518519
3 0.652604 0.30787 0.0427083 0.0157407
1 0.654948 0.334722 0.0265625 0.0490741
0 0.59974 0.392593 0.0369792 0.0666667
3 0.68151 0.372685 0.0307292 0.0194444
3 0.602604 0.358333 0.0427083 0.0148148
0 0.542708 0.454167 0.0354167 0.0694444
1 0.686719 0.416667 0.0307292 0.0574074
