0 0.515625 0.424537 0.0520833 0.0731481
3 0.678906 0.336111 0.0348958 0.0259259
3 0.65 0.307407 0.0354167 0.0166667
0 0.50599 0.4125 0.0348958 0.0509259
0 0.710156 0.371759 0.0390625 0.0601852
3 0.51901 0.38287 0.0494792 0.012037
3 0.60625 0.35787 0.0416667 0.0101852
0 0.677865 0.35463 0.0348958 0.0388889
3 0.703906 0.323611 0.0453125 0.0138889
1 0.652604 0.337963 0.03125 0.0592593
1 0.679688 0.364352 0.0260417 0.0564815
0 0.609115 0.391667 0.0473958 0.0851852
0 0.651302 0.331944 0.0307292 0.0472222
1 0.710677 0.367593 0.0348958 0.0537037
0 0.539323 0.445833 0.0369792 0.062037
