0 0.595052 0.4125 0.0421875 0.062037
3 0.441927 0.372222 0.0432292 0.012963
3 0.489844 0.367593 0.0421875 0.0537037
3 0.652865 0.360185 0.0348958 0.0462963
0 0.683854 0.424537 0.0291667 0.0453704
1 0.68151 0.425926 0.0369792 0.0407407
0 0.652865 0.370833 0.0317708 0.0472222
1 0.650781 0.376852 0.0359375 0.0537037
3 0.682813 0.393056 0.0333333 0.0175926
0 0.490625 0.374074 0.0375 0.062963
0 0.607292 0.396296 0.040625 0.0685185
3 0.603125 0.348611 0.046875 0.0138889
3 0.654948 0.334259 0.0442708 0.0111111
