0 0.533333 0.426389 0.0458333 0.0546296
3 0.531771 0.397222 0.034375 0.0148148
3 0.540625 0.420833 0.0385417 0.0231481
1 0.657292 0.368981 0.034375 0.0564815
3 0.65599 0.353241 0.0369792 0.0490741
3 0.680208 0.389352 0.040625 0.012037
0 0.655729 0.368056 0.0427083 0.062037
3 0.497135 0.373148 0.0401042 0.0111111
0 0.678906 0.423148 0.0453125 0.0592593
1 0.678125 0.427315 0.0552083 0.0675926
0 0.494531 0.407407 0.0359375 0.0555556
0 0.538802 0.453241 0.0359375 0.0583333
0 0.603906 0.399074 0.0421875 0.0740741
3 0.655469 0.338889 0.0421875 0.0203704
3 0.603906 0.357407 0.0453125 0.0166667
