3 0.515104 0.376852 0.046875 0.0111111
1 0.685938 0.355093 0.0364583 0.0583333
1 0.622917 0.418981 0.0322917 0.0546296
3 0.530729 0.3875 0.0385417 0.0101852
3 0.528906 0.399537 0.0296875 0.0435185
0 0.683073 0.42037 0.0442708 0.0462963
3 0.68151 0.328241 0.0369792 0.0157407
0 0.531771 0.416667 0.034375 0.0518519
3 0.68776 0.375463 0.0307292 0.0212963
3 0.651563 0.305556 0.0385417 0.012963
0 0.630208 0.42037 0.040625 0.05
0 0.603906 0.383796 0.0390625 0.0583333
0 0.504687 0.409259 0.040625 0.0555556
1 0.601823 0.388426 0.0411458 0.0657407
3 0.603125 0.354167 0.0375 0.0157407
3 0.505729 0.372685 0.04375 0.0101852
1 0.654427 0.337037 0.0265625 0.0481481
1 0.686198 0.416667 0.0265625 0.0537037
