3 0.708333 0.343519 0.0375 0.0111111
3 0.531771 0.3875 0.0385417 0.00833333
3 0.60651 0.413426 0.0338542 0.0416667
3 0.652344 0.301852 0.0401042 0.0111111
3 0.651042 0.306944 0.0364583 0.0138889
3 0.536458 0.415741 0.0385417 0.0277778
3 0.707552 0.348611 0.0380208 0.0138889
3 0.530729 0.403241 0.0302083 0.037963
0 0.53099 0.418519 0.0369792 0.0555556
3 0.678125 0.337963 0.034375 0.037037
1 0.651563 0.337037 0.0302083 0.0537037
0 0.503906 0.409722 0.0359375 0.0546296
1 0.678646 0.359722 0.0291667 0.0546296
3 0.503385 0.376389 0.0442708 0.0101852
3 0.604427 0.354167 0.0421875 0.0101852
0 0.606771 0.39537 0.0385417 0.0648148
1 0.604167 0.392593 0.0354167 0.0722222
0 0.540104 0.45463 0.034375 0.0574074
1 0.705469 0.384722 0.0348958 0.0546296
