3 0.661979 0.346296 0.0416667 0.0148148
3 0.454167 0.377778 0.040625 0.037037
3 0.465885 0.37037 0.0473958 0.0148148
3 0.529948 0.478704 0.0463542 0.037037
3 0.510417 0.391667 0.034375 0.0537037
0 0.654167 0.382407 0.0416667 0.0555556
0 0.680469 0.418981 0.0380208 0.0490741
3 0.679948 0.399537 0.0338542 0.025
0 0.453125 0.398148 0.040625 0.0592593
3 0.508333 0.368981 0.04375 0.0268519
0 0.50651 0.390278 0.0338542 0.0546296
0 0.540104 0.459722 0.0447917 0.0805556
3 0.655469 0.345833 0.0432292 0.0287037
3 0.604167 0.350926 0.0447917 0.0111111
1 0.677604 0.425463 0.04375 0.0601852
3 0.657031 0.338426 0.0463542 0.0138889
0 0.605208 0.399537 0.0489583 0.0768519
