1 0.558854 0.461574 0.0322917 0.0361111
3 0.563802 0.469444 0.0328125 0.0166667
3 0.538542 0.402778 0.0354167 0.0240741
3 0.585677 0.520833 0.0421875 0.0175926
3 0.574219 0.514815 0.0348958 0.0444444
0 0.572135 0.512037 0.0390625 0.062963
3 0.551823 0.405093 0.0348958 0.0138889
3 0.472917 0.336574 0.0322917 0.012037
0 0.472135 0.375926 0.0328125 0.0611111
1 0.529948 0.400463 0.0286458 0.0638889
0 0.551823 0.436574 0.0380208 0.0472222
1 0.573438 0.508333 0.0322917 0.0481481
3 0.461719 0.409722 0.0359375 0.0157407
3 0.532031 0.369444 0.0421875 0.012963
1 0.475781 0.368981 0.0328125 0.0546296
1 0.585156 0.54213 0.0359375 0.0583333
3 0.565885 0.487037 0.0348958 0.0240741
0 0.53099 0.398611 0.0317708 0.0435185
3 0.530729 0.37963 0.0322917 0.0222222
0 0.460156 0.452778 0.0484375 0.0759259
