3 0.6875 0.360648 0.0333333 0.0305556
3 0.691406 0.375463 0.0338542 0.0231481
0 0.682813 0.3625 0.0385417 0.0472222
3 0.529427 0.406019 0.0286458 0.0361111
0 0.533073 0.421296 0.0369792 0.0481481
1 0.64974 0.346759 0.0328125 0.062037
3 0.652344 0.302778 0.0411458 0.0111111
3 0.539062 0.427315 0.040625 0.0324074
3 0.679688 0.330093 0.0302083 0.0175926
0 0.511719 0.414815 0.0348958 0.0611111
0 0.608333 0.407407 0.0510417 0.0777778
3 0.603125 0.359722 0.0458333 0.0138889
1 0.697656 0.397222 0.0432292 0.0555556
3 0.509115 0.377778 0.0463542 0.0111111
0 0.652604 0.342593 0.0333333 0.0518519
0 0.541667 0.453241 0.0333333 0.0601852
