3 0.68125 0.430556 0.0447917 0.0481481
3 0.679427 0.397685 0.0369792 0.0398148
0 0.511458 0.424074 0.0489583 0.0703704
3 0.505729 0.37963 0.0458333 0.0111111
0 0.653646 0.368056 0.0291667 0.0453704
3 0.653385 0.362963 0.0369792 0.0351852
3 0.654688 0.336111 0.0447917 0.0148148
0 0.545833 0.460648 0.0333333 0.0527778
3 0.670573 0.342593 0.0432292 0.0148148
0 0.680729 0.42037 0.0447917 0.0592593
0 0.507031 0.408333 0.0317708 0.0537037
1 0.651823 0.371296 0.0411458 0.0481481
0 0.534896 0.44213 0.0364583 0.0638889
1 0.679688 0.427315 0.0447917 0.0638889
0 0.597656 0.401389 0.0494792 0.075
3 0.603385 0.355556 0.0442708 0.012963
