0 0.470573 0.388426 0.0369792 0.0472222
3 0.68125 0.391667 0.0395833 0.0166667
3 0.470833 0.376389 0.0354167 0.0287037
3 0.502604 0.371296 0.0479167 0.0111111
1 0.654427 0.381019 0.0359375 0.0509259
0 0.652604 0.376852 0.0385417 0.0555556
3 0.538281 0.410185 0.0463542 0.0185185
3 0.538542 0.400463 0.0375 0.0138889
3 0.653906 0.35463 0.0296875 0.0351852
0 0.679427 0.421296 0.0401042 0.0518519
1 0.677865 0.428241 0.0453125 0.0601852
0 0.51875 0.417593 0.0291667 0.05
3 0.603646 0.357407 0.0395833 0.012963
0 0.59974 0.408796 0.0526042 0.0787037
0 0.470313 0.409722 0.0385417 0.062037
0 0.542969 0.452315 0.0338542 0.0601852
3 0.655729 0.337037 0.0447917 0.0166667
