3 0.456771 0.362963 0.0260417 0.0425926
3 0.455208 0.346759 0.0364583 0.0175926
1 0.653125 0.371759 0.0385417 0.0527778
3 0.681771 0.398148 0.0322917 0.037037
3 0.400521 0.403704 0.0364583 0.0481481
0 0.652083 0.375926 0.0385417 0.0574074
3 0.651823 0.358796 0.0307292 0.0342593
3 0.40651 0.382407 0.0380208 0.012963
1 0.679688 0.423611 0.0333333 0.0546296
0 0.59974 0.401852 0.0401042 0.0648148
0 0.680208 0.423148 0.0395833 0.05
0 0.457292 0.374537 0.034375 0.0546296
3 0.682813 0.384722 0.0375 0.012037
3 0.604427 0.356944 0.0411458 0.012037
0 0.401302 0.421296 0.0390625 0.0537037
3 0.651563 0.331481 0.0427083 0.012963
