3 0.573698 0.485185 0.0307292 0.0259259
1 0.476302 0.364352 0.0380208 0.0398148
3 0.471875 0.353704 0.0302083 0.0611111
0 0.472396 0.365278 0.0291667 0.0490741
3 0.461719 0.407407 0.0369792 0.012963
3 0.540365 0.399537 0.0328125 0.0194444
3 0.576563 0.509722 0.0302083 0.025
3 0.551302 0.414815 0.0359375 0.0240741
0 0.555208 0.456944 0.0385417 0.062037
0 0.580729 0.550926 0.0427083 0.0611111
3 0.47526 0.337963 0.0401042 0.012963
3 0.53099 0.375 0.0348958 0.0240741
0 0.461198 0.451389 0.0463542 0.0768519
3 0.553646 0.406944 0.0375 0.012037
