0 0.652344 0.351852 0.0307292 0.05
0 0.654167 0.375463 0.0260417 0.0509259
3 0.676042 0.385185 0.0364583 0.012963
0 0.677344 0.423611 0.0390625 0.062037
1 0.678646 0.415741 0.0416667 0.0648148
3 0.65625 0.327315 0.0458333 0.0212963
0 0.41276 0.542593 0.0359375 0.0574074
3 0.455469 0.359722 0.0442708 0.0194444
3 0.652344 0.347685 0.0348958 0.0342593
1 0.654688 0.385185 0.0333333 0.05
0 0.602344 0.401852 0.0432292 0.0648148
3 0.603906 0.35787 0.0401042 0.012037
3 0.653385 0.333333 0.0411458 0.0148148
