3 0.680469 0.396759 0.0390625 0.0398148
3 0.653385 0.349074 0.0421875 0.0222222
1 0.65599 0.388889 0.0369792 0.0444444
0 0.451302 0.394907 0.0401042 0.0583333
0 0.655208 0.383796 0.03125 0.0435185
3 0.419271 0.521759 0.0416667 0.0101852
0 0.579167 0.449074 0.0364583 0.0592593
3 0.677344 0.38287 0.0380208 0.0101852
1 0.605469 0.378704 0.0317708 0.0611111
3 0.654948 0.333796 0.0390625 0.0138889
0 0.603906 0.378704 0.0390625 0.0592593
0 0.680208 0.425 0.0395833 0.0574074
3 0.457031 0.3625 0.0369792 0.0138889
1 0.683854 0.422685 0.0322917 0.0546296
0 0.419531 0.561111 0.0328125 0.0555556
