1 0.652083 0.373611 0.0375 0.0546296
3 0.598437 0.412037 0.0375 0.0388889
3 0.419271 0.523148 0.040625 0.0111111
3 0.604427 0.35 0.0421875 0.012963
0 0.679167 0.428241 0.0354167 0.0527778
0 0.654948 0.383333 0.0328125 0.0555556
1 0.654688 0.390278 0.034375 0.0453704
0 0.421615 0.5625 0.0348958 0.0527778
0 0.457031 0.398148 0.0411458 0.0574074
3 0.683333 0.4 0.0291667 0.0203704
3 0.650521 0.353241 0.0364583 0.025
1 0.60599 0.385185 0.0369792 0.0759259
0 0.604948 0.389352 0.0432292 0.0657407
3 0.457292 0.360648 0.0395833 0.0138889
1 0.680208 0.422222 0.0354167 0.0592593
3 0.652865 0.330556 0.0317708 0.0148148
