0 0.59401 0.415278 0.0401042 0.0787037
3 0.679427 0.385185 0.0276042 0.0185185
3 0.395052 0.488889 0.0359375 0.012963
3 0.679688 0.399074 0.0333333 0.0314815
0 0.65651 0.374537 0.0296875 0.0490741
0 0.679427 0.415741 0.0328125 0.062963
3 0.653646 0.356481 0.0364583 0.0388889
0 0.394792 0.524537 0.0375 0.0564815
3 0.604167 0.346759 0.0458333 0.012037
3 0.651823 0.329167 0.0442708 0.0138889
1 0.654948 0.383333 0.0328125 0.0518519
1 0.679948 0.42037 0.0348958 0.0518519
3 0.456771 0.361574 0.0427083 0.0157407
0 0.459375 0.395833 0.0322917 0.0583333
0 0.604167 0.398611 0.0447917 0.075
