3 0.684375 0.4 0.0364583 0.0481481
3 0.68125 0.387037 0.0354167 0.012963
0 0.653385 0.381019 0.0401042 0.0546296
0 0.59401 0.41713 0.0369792 0.0638889
3 0.476562 0.335185 0.0416667 0.0166667
0 0.683594 0.423148 0.0390625 0.062963
3 0.654948 0.348148 0.0390625 0.0314815
1 0.654688 0.382407 0.04375 0.0592593
1 0.685938 0.419444 0.03125 0.0537037
0 0.473958 0.365741 0.0385417 0.0592593
0 0.411719 0.402315 0.0317708 0.0527778
0 0.604167 0.395833 0.0385417 0.0768519
3 0.604948 0.355093 0.0390625 0.012037
3 0.65599 0.338889 0.0463542 0.012963
