0 0.593229 0.416204 0.0354167 0.0638889
3 0.391927 0.425463 0.0411458 0.0453704
0 0.655208 0.371759 0.0375 0.0527778
3 0.460417 0.391667 0.0333333 0.0425926
0 0.678125 0.427315 0.0427083 0.0527778
3 0.682031 0.390741 0.0401042 0.0222222
3 0.652344 0.348148 0.0328125 0.0277778
3 0.68125 0.383796 0.028125 0.0157407
0 0.457292 0.387963 0.034375 0.0518519
3 0.457292 0.359722 0.034375 0.0138889
0 0.601042 0.393519 0.0395833 0.062963
0 0.392448 0.443981 0.0401042 0.062037
3 0.652083 0.329167 0.0385417 0.012037
3 0.604688 0.352315 0.0416667 0.012037
1 0.679427 0.426852 0.0411458 0.0666667
