3 0.560677 0.468981 0.0328125 0.0453704
3 0.573177 0.49213 0.0348958 0.0212963
3 0.53724 0.406019 0.0359375 0.0268519
3 0.586458 0.514352 0.034375 0.012037
3 0.466146 0.401389 0.040625 0.0138889
0 0.534375 0.421296 0.0375 0.0592593
3 0.461198 0.407407 0.0411458 0.0148148
1 0.554948 0.464352 0.0328125 0.0509259
0 0.581771 0.552778 0.0427083 0.0518519
3 0.532552 0.372222 0.0390625 0.0111111
3 0.553646 0.424074 0.0333333 0.0185185
0 0.554427 0.463426 0.0390625 0.0546296
3 0.57474 0.510185 0.0307292 0.0259259
0 0.460938 0.451852 0.0479167 0.0796296
