1 0.68099 0.409722 0.0411458 0.0435185
3 0.416927 0.522685 0.0442708 0.0138889
3 0.679688 0.406019 0.0333333 0.0416667
3 0.649219 0.364352 0.0359375 0.0416667
0 0.648177 0.36713 0.0296875 0.0601852
0 0.605729 0.385185 0.0395833 0.062963
3 0.455208 0.365278 0.0375 0.0138889
3 0.617448 0.318056 0.0421875 0.0138889
0 0.461198 0.396296 0.0317708 0.0722222
0 0.680208 0.421296 0.03125 0.05
3 0.602083 0.34537 0.040625 0.0222222
1 0.652604 0.375 0.034375 0.0611111
1 0.678646 0.425 0.034375 0.0481481
0 0.416927 0.572222 0.0369792 0.0666667
0 0.595312 0.403241 0.040625 0.0731481
3 0.650781 0.325926 0.0401042 0.012963
