1 0.653125 0.390278 0.0375 0.0453704
3 0.68151 0.390278 0.0359375 0.0138889
0 0.463021 0.397685 0.0395833 0.0675926
3 0.651042 0.348611 0.0427083 0.0175926
3 0.647656 0.336111 0.0442708 0.0166667
3 0.461719 0.375926 0.0390625 0.0240741
0 0.677865 0.428241 0.0401042 0.0509259
3 0.601302 0.343981 0.0401042 0.0138889
1 0.678906 0.421759 0.0411458 0.0564815
0 0.652344 0.390278 0.0348958 0.0583333
3 0.68099 0.404167 0.0328125 0.0287037
3 0.596354 0.3375 0.04375 0.012037
0 0.596615 0.402778 0.0505208 0.0777778
