0 0.419531 0.55787 0.0359375 0.0527778
3 0.678125 0.403241 0.0322917 0.0398148
1 0.667448 0.408796 0.0473958 0.0527778
3 0.68125 0.428241 0.04375 0.0435185
3 0.598698 0.343519 0.0348958 0.0240741
1 0.653906 0.351852 0.0296875 0.0388889
1 0.602344 0.401389 0.0369792 0.0787037
0 0.653646 0.396296 0.0302083 0.0666667
3 0.592448 0.334722 0.0380208 0.0194444
3 0.650521 0.351852 0.03125 0.0296296
1 0.678125 0.420833 0.0395833 0.0490741
3 0.45625 0.367593 0.0333333 0.0277778
3 0.600521 0.353241 0.03125 0.0231481
0 0.457292 0.387037 0.0291667 0.0537037
1 0.65651 0.389352 0.0286458 0.0546296
3 0.650521 0.324537 0.0489583 0.012037
0 0.599479 0.4 0.04375 0.0777778
