3 0.610677 0.334722 0.0380208 0.025
1 0.653125 0.375 0.0395833 0.0518519
3 0.600521 0.351389 0.0354167 0.0157407
3 0.417708 0.523611 0.0416667 0.0101852
3 0.649219 0.360648 0.0380208 0.0305556
0 0.46849 0.378704 0.0317708 0.0388889
3 0.677083 0.385185 0.0302083 0.0259259
1 0.601302 0.405093 0.0432292 0.0824074
0 0.419271 0.562963 0.040625 0.0592593
0 0.464844 0.409259 0.0380208 0.0555556
0 0.650521 0.371296 0.0427083 0.0574074
3 0.611458 0.309722 0.0385417 0.0138889
3 0.604167 0.344907 0.0416667 0.0194444
0 0.679427 0.415741 0.0359375 0.05
0 0.603385 0.403241 0.0411458 0.0601852
3 0.648438 0.331019 0.034375 0.012037
1 0.678125 0.418519 0.0291667 0.0518519
