0 0.586979 0.412037 0.0333333 0.0611111
3 0.677083 0.419444 0.0260417 0.0333333
3 0.679167 0.431944 0.0322917 0.025
3 0.676823 0.400463 0.0307292 0.0231481
3 0.41901 0.535648 0.0265625 0.0453704
1 0.589323 0.402315 0.0276042 0.0472222
0 0.651823 0.373611 0.0338542 0.0583333
0 0.575781 0.450463 0.0390625 0.0509259
3 0.419792 0.522685 0.0416667 0.012037
3 0.64974 0.359722 0.0348958 0.0361111
1 0.653125 0.37963 0.03125 0.0425926
3 0.600781 0.348611 0.0359375 0.0231481
0 0.41875 0.552315 0.0322917 0.0546296
3 0.64974 0.331019 0.0380208 0.0138889
