0 0.474479 0.374074 0.0333333 0.0481481
1 0.610417 0.39213 0.0427083 0.0638889
0 0.5875 0.448148 0.0322917 0.0666667
1 0.653125 0.386574 0.0427083 0.0527778
3 0.418229 0.522222 0.0395833 0.0111111
0 0.649219 0.387037 0.0348958 0.0648148
3 0.678125 0.409722 0.0395833 0.0509259
3 0.653385 0.348611 0.0369792 0.0231481
3 0.597656 0.337037 0.0473958 0.012963
0 0.678385 0.4125 0.0359375 0.0546296
1 0.677344 0.41713 0.0359375 0.0583333
0 0.607813 0.394444 0.040625 0.062963
3 0.602604 0.34213 0.046875 0.012037
0 0.419271 0.562963 0.03125 0.0518519
0 0.577865 0.461574 0.0369792 0.0583333
3 0.65026 0.33287 0.0442708 0.0138889
