3 0.554427 0.383796 0.0401042 0.00833333
0 0.576302 0.443056 0.0307292 0.0509259
0 0.61276 0.395833 0.0296875 0.0527778
1 0.594271 0.414815 0.0270833 0.0425926
0 0.651042 0.378704 0.0375 0.0592593
0 0.59375 0.415741 0.0333333 0.0537037
3 0.59974 0.356019 0.0328125 0.0138889
1 0.681771 0.418519 0.0385417 0.0592593
1 0.652865 0.384722 0.0442708 0.0490741
3 0.607031 0.350463 0.0317708 0.0212963
3 0.680208 0.409722 0.0375 0.0527778
0 0.617708 0.355556 0.03125 0.0648148
0 0.68125 0.422685 0.0364583 0.062037
3 0.652604 0.35463 0.0416667 0.0240741
0 0.604167 0.397222 0.0364583 0.0740741
3 0.611719 0.310185 0.0411458 0.0148148
3 0.65026 0.334259 0.0421875 0.0148148
