3 0.564583 0.491667 0.03125 0.0277778
1 0.471094 0.376389 0.0317708 0.0638889
0 0.554427 0.4625 0.0380208 0.0583333
1 0.555208 0.463426 0.0322917 0.0546296
3 0.574479 0.514815 0.03125 0.0333333
0 0.53099 0.408796 0.0390625 0.0509259
3 0.552083 0.405093 0.0333333 0.0157407
1 0.567969 0.507407 0.0401042 0.05
3 0.46276 0.408796 0.0348958 0.0175926
1 0.580729 0.55 0.040625 0.0703704
0 0.58125 0.552315 0.04375 0.0564815
0 0.472917 0.376389 0.0333333 0.0583333
3 0.539323 0.399074 0.0328125 0.0185185
3 0.473437 0.337037 0.0375 0.0111111
3 0.552865 0.41713 0.0338542 0.0175926
3 0.530729 0.369444 0.046875 0.0148148
0 0.457292 0.463889 0.0489583 0.0962963
