3 0.677865 0.387963 0.0359375 0.00925926
3 0.61224 0.331481 0.0317708 0.0296296
0 0.611719 0.355556 0.0348958 0.0666667
0 0.579167 0.448148 0.0354167 0.0555556
3 0.60625 0.34537 0.0364583 0.0203704
1 0.603125 0.392593 0.0354167 0.0759259
3 0.652865 0.35463 0.0359375 0.0240741
0 0.602604 0.392593 0.0364583 0.0666667
0 0.652344 0.374537 0.0338542 0.0509259
0 0.677083 0.414815 0.0385417 0.0518519
1 0.676823 0.417593 0.0338542 0.05
3 0.613021 0.312037 0.0375 0.0166667
3 0.651302 0.332407 0.0432292 0.012963
