3 0.652604 0.348611 0.0354167 0.0231481
0 0.643229 0.381019 0.0385417 0.0712963
0 0.65625 0.37963 0.034375 0.0574074
3 0.603906 0.344444 0.0380208 0.0185185
3 0.613542 0.308333 0.0416667 0.0185185
3 0.663542 0.37963 0.0385417 0.0296296
3 0.675781 0.379167 0.0369792 0.0157407
1 0.60625 0.395833 0.04375 0.0675926
0 0.553385 0.42037 0.0328125 0.0425926
1 0.68099 0.419444 0.0369792 0.0555556
0 0.604688 0.397222 0.04375 0.0648148
0 0.68099 0.42037 0.0401042 0.062963
3 0.650521 0.331019 0.0385417 0.012037
