3 0.551823 0.403704 0.0286458 0.012963
1 0.459375 0.455556 0.04375 0.0759259
0 0.417448 0.603704 0.0338542 0.0537037
1 0.531771 0.410185 0.0427083 0.0462963
1 0.46901 0.381481 0.0203125 0.0611111
0 0.529167 0.407407 0.0385417 0.0555556
3 0.539323 0.402778 0.0338542 0.0203704
3 0.460156 0.408333 0.0307292 0.0166667
0 0.579948 0.549074 0.0380208 0.0518519
1 0.554427 0.460648 0.0307292 0.0527778
0 0.553646 0.460185 0.0375 0.0555556
3 0.573698 0.508796 0.0328125 0.0268519
3 0.551823 0.422685 0.0338542 0.0194444
0 0.45625 0.456481 0.046875 0.0814815
3 0.533073 0.364815 0.0473958 0.012963
