1 0.608854 0.394907 0.0239583 0.0416667
3 0.630729 0.394444 0.034375 0.0277778
0 0.607813 0.392593 0.0302083 0.0351852
3 0.63151 0.355093 0.0307292 0.0287037
3 0.616406 0.39537 0.0276042 0.0296296
0 0.470573 0.44213 0.0307292 0.0527778
0 0.519271 0.355556 0.0354167 0.0518519
0 0.471875 0.473611 0.034375 0.0546296
3 0.620313 0.337963 0.0385417 0.012963
0 0.566146 0.321296 0.03125 0.0537037
0 0.533073 0.30787 0.0421875 0.0416667
1 0.619271 0.44537 0.04375 0.0555556
0 0.620052 0.444907 0.0369792 0.0583333
3 0.476302 0.422685 0.0401042 0.0212963
3 0.475781 0.435185 0.0328125 0.0351852
1 0.586198 0.367593 0.0369792 0.0444444
3 0.58724 0.325 0.0380208 0.0111111
1 0.567187 0.325463 0.0270833 0.0527778
3 0.51901 0.32963 0.0348958 0.0148148
0 0.516146 0.375 0.040625 0.0703704
3 0.589063 0.330093 0.0395833 0.00833333
0 0.494792 0.506944 0.0354167 0.0583333
3 0.539062 0.268519 0.0385417 0.0148148
