3 0.64974 0.350926 0.0296875 0.037037
3 0.666406 0.387037 0.0369792 0.0259259
3 0.553906 0.391204 0.0401042 0.012037
0 0.621615 0.351389 0.0338542 0.0509259
3 0.576563 0.408333 0.046875 0.012963
0 0.675781 0.427315 0.0380208 0.0490741
3 0.566667 0.402315 0.05 0.0157407
3 0.651042 0.32963 0.034375 0.0148148
3 0.647135 0.335185 0.0307292 0.0185185
3 0.678125 0.390278 0.0416667 0.0157407
3 0.614583 0.313889 0.0385417 0.0166667
1 0.677865 0.433796 0.0401042 0.0564815
0 0.572656 0.4625 0.0546875 0.0861111
