1 0.55625 0.445833 0.0395833 0.0472222
3 0.553906 0.440278 0.0307292 0.037963
3 0.536458 0.396759 0.03125 0.0361111
3 0.472396 0.356481 0.0270833 0.0518519
1 0.583594 0.550926 0.0338542 0.0611111
0 0.472396 0.380093 0.03125 0.062037
0 0.417708 0.580556 0.0427083 0.0777778
3 0.565885 0.49213 0.0296875 0.0175926
1 0.571094 0.503704 0.0255208 0.0240741
3 0.551302 0.425463 0.0348958 0.025
3 0.46224 0.411111 0.0359375 0.0166667
1 0.56901 0.504167 0.0421875 0.0361111
1 0.470573 0.375 0.0307292 0.0574074
3 0.576042 0.506019 0.0291667 0.0212963
1 0.557813 0.461111 0.0270833 0.0574074
3 0.539062 0.396296 0.0364583 0.0148148
0 0.583333 0.550463 0.0385417 0.0546296
3 0.535937 0.372685 0.0416667 0.012037
0 0.459375 0.455093 0.0416667 0.0712963
3 0.473177 0.337963 0.0380208 0.012963
