0 0.569531 0.513889 0.0359375 0.0518519
3 0.5375 0.368519 0.040625 0.0111111
3 0.54974 0.418519 0.0317708 0.0388889
1 0.472135 0.373148 0.0286458 0.0777778
3 0.460677 0.408333 0.0359375 0.0148148
3 0.570573 0.479167 0.0401042 0.0138889
1 0.461719 0.450926 0.0411458 0.087037
3 0.536198 0.406944 0.0390625 0.037963
0 0.414323 0.59537 0.0380208 0.0703704
0 0.583854 0.550463 0.0395833 0.0564815
3 0.574479 0.517593 0.0322917 0.0314815
0 0.532552 0.408333 0.0421875 0.0574074
0 0.459635 0.452778 0.0463542 0.0759259
3 0.53151 0.373611 0.0390625 0.0157407
3 0.56849 0.472222 0.0328125 0.012963
1 0.586198 0.553241 0.0328125 0.0657407
