3 0.566146 0.458796 0.0270833 0.0287037
1 0.559375 0.443981 0.0364583 0.0453704
0 0.473437 0.365278 0.0270833 0.0509259
3 0.551562 0.422685 0.028125 0.0287037
3 0.536719 0.400463 0.0328125 0.0287037
0 0.570833 0.504167 0.034375 0.0564815
1 0.573958 0.50463 0.028125 0.0481481
1 0.564844 0.456944 0.0244792 0.0305556
1 0.532292 0.403704 0.0447917 0.0574074
0 0.584115 0.551852 0.0390625 0.0555556
0 0.531771 0.406481 0.0395833 0.0574074
3 0.459375 0.407407 0.0385417 0.012963
3 0.471354 0.334259 0.0364583 0.0111111
1 0.474219 0.369444 0.0401042 0.0574074
3 0.530208 0.369444 0.04375 0.0148148
3 0.53151 0.374074 0.0369792 0.012963
1 0.586458 0.550463 0.0333333 0.0657407
0 0.458854 0.462963 0.053125 0.0944444
