0 0.548437 0.463426 0.0395833 0.0601852
0 0.4125 0.581481 0.04375 0.0703704
1 0.53125 0.400463 0.0364583 0.062037
3 0.46901 0.335185 0.0390625 0.012963
3 0.550781 0.416667 0.0338542 0.0203704
1 0.56875 0.501852 0.04375 0.0481481
1 0.473177 0.369907 0.0265625 0.062037
3 0.540365 0.404167 0.0338542 0.0194444
1 0.555469 0.460185 0.0307292 0.0574074
3 0.529167 0.377315 0.0385417 0.0398148
3 0.552344 0.406944 0.0328125 0.012037
3 0.460417 0.40787 0.0427083 0.0101852
3 0.531771 0.363426 0.0447917 0.012037
1 0.570573 0.508796 0.0244792 0.0435185
3 0.573438 0.514815 0.0270833 0.0314815
0 0.458854 0.451852 0.0479167 0.0759259
1 0.582031 0.55787 0.0369792 0.0583333
