3 0.46276 0.407407 0.0359375 0.0203704
3 0.571615 0.488889 0.0369792 0.0259259
3 0.561719 0.469907 0.0307292 0.0324074
3 0.538281 0.406019 0.0369792 0.0231481
1 0.461979 0.45 0.0395833 0.0759259
0 0.474479 0.374074 0.0354167 0.0555556
3 0.528385 0.367593 0.0390625 0.0111111
3 0.528646 0.376852 0.0354167 0.0203704
0 0.417969 0.604167 0.0421875 0.0601852
1 0.470573 0.374537 0.0223958 0.0583333
3 0.574479 0.509259 0.028125 0.0351852
0 0.460156 0.444907 0.0421875 0.0712963
0 0.552865 0.45787 0.0369792 0.0583333
3 0.550781 0.418981 0.0348958 0.0231481
3 0.46901 0.336111 0.0411458 0.012963
1 0.553125 0.462963 0.0364583 0.0592593
3 0.552083 0.406481 0.034375 0.0111111
1 0.528385 0.406019 0.0317708 0.0583333
1 0.573698 0.506481 0.0255208 0.0444444
1 0.581771 0.561111 0.0479167 0.0666667
