3 0.567448 0.488889 0.0234375 0.0296296
3 0.529948 0.40787 0.0328125 0.0453704
3 0.554167 0.443519 0.028125 0.0259259
3 0.552083 0.418981 0.0322917 0.0194444
3 0.572396 0.510185 0.0270833 0.0425926
1 0.467708 0.378241 0.0229167 0.0527778
3 0.463281 0.412963 0.0432292 0.0148148
0 0.567969 0.513426 0.0307292 0.0564815
3 0.470313 0.341204 0.040625 0.0138889
0 0.530208 0.412037 0.0333333 0.0537037
1 0.56875 0.510648 0.0416667 0.0453704
3 0.56276 0.463889 0.0317708 0.0185185
0 0.459896 0.453241 0.0447917 0.0731481
0 0.578906 0.553704 0.0421875 0.0537037
1 0.578125 0.555556 0.0395833 0.0611111
3 0.528125 0.36713 0.0416667 0.012037
