3 0.652083 0.350463 0.0458333 0.0305556
3 0.685677 0.402315 0.0963542 0.0231481
3 0.615885 0.374074 0.0411458 0.0351852
3 0.642969 0.386574 0.0526042 0.0601852
0 0.608854 0.400463 0.0395833 0.0583333
0 0.583854 0.616204 0.0260417 0.0694444
0 0.526042 0.616204 0.046875 0.0805556
3 0.652344 0.331019 0.0494792 0.0212963
1 0.651302 0.385648 0.0546875 0.0842593
1 0.611719 0.40463 0.0359375 0.0537037
3 0.49401 0.524074 0.0421875 0.0111111
3 0.614844 0.358333 0.0484375 0.0148148
0 0.490365 0.57037 0.0390625 0.0611111
