3 0.535677 0.568056 0.0421875 0.012037
3 0.686198 0.395833 0.0911458 0.025
0 0.628906 0.542593 0.0484375 0.0759259
3 0.565104 0.450463 0.046875 0.012037
3 0.639844 0.306944 0.0453125 0.0212963
1 0.642448 0.389352 0.0588542 0.0398148
3 0.642969 0.39213 0.0661458 0.025
0 0.642187 0.447685 0.0479167 0.0768519
3 0.721615 0.401852 0.0911458 0.0333333
3 0.599479 0.4375 0.0395833 0.0157407
3 0.694531 0.306019 0.0401042 0.0138889
0 0.656771 0.459722 0.0614583 0.10463
3 0.582292 0.581481 0.0416667 0.0111111
0 0.580729 0.610648 0.0333333 0.0564815
1 0.725781 0.274537 0.0411458 0.0601852
0 0.54375 0.506481 0.040625 0.0722222
3 0.642448 0.393981 0.0536458 0.012037
3 0.644792 0.297685 0.04375 0.0194444
0 0.600521 0.477315 0.0333333 0.0694444
0 0.533594 0.61713 0.0536458 0.087963
1 0.630729 0.349537 0.0385417 0.075
1 0.69375 0.349537 0.0416667 0.0675926
