3 0.617708 0.364815 0.05 0.0185185
0 0.638021 0.397222 0.071875 0.0555556
3 0.666406 0.347222 0.0515625 0.012963
3 0.582031 0.58287 0.0442708 0.0101852
3 0.520312 0.518519 0.0479167 0.012963
0 0.698177 0.316667 0.0369792 0.0592593
3 0.52474 0.56713 0.0463542 0.0212963
0 0.589063 0.619907 0.0395833 0.0657407
3 0.678385 0.400926 0.0859375 0.0240741
3 0.627604 0.400926 0.0447917 0.0277778
3 0.7125 0.408796 0.0989583 0.0342593
1 0.700781 0.321296 0.0401042 0.0555556
0 0.641667 0.475463 0.0541667 0.110185
3 0.572135 0.477315 0.0484375 0.0138889
0 0.514323 0.565278 0.0421875 0.0638889
0 0.627865 0.529167 0.0536458 0.0953704
3 0.61901 0.356944 0.0526042 0.0175926
0 0.568229 0.524537 0.0364583 0.0731481
