3 0.726042 0.151852 0.0479167 0.0148148
1 0.722396 0.232407 0.0583333 0.0555556
3 0.726042 0.234259 0.0791667 0.0296296
3 0.698177 0.268519 0.0276042 0.0333333
0 0.715625 0.285648 0.0479167 0.0768519
0 0.733333 0.292593 0.0541667 0.0851852
0 0.696094 0.286574 0.0286458 0.0490741
1 0.725 0.198611 0.040625 0.075
3 0.646354 0.399537 0.034375 0.0138889
0 0.696615 0.361574 0.0369792 0.0768519
3 0.714583 0.236574 0.0489583 0.0175926
3 0.664844 0.268056 0.0421875 0.012037
0 0.656771 0.30463 0.0322917 0.0592593
0 0.648177 0.433796 0.0348958 0.0675926
