1 0.675521 0.363426 0.028125 0.0527778
1 0.621094 0.381481 0.0463542 0.0555556
0 0.621875 0.378241 0.0447917 0.0638889
3 0.709635 0.402315 0.0848958 0.0287037
3 0.628385 0.323148 0.0494792 0.0148148
1 0.674219 0.372685 0.0463542 0.0657407
0 0.621615 0.530093 0.0359375 0.0712963
3 0.631771 0.317593 0.0489583 0.012963
1 0.709635 0.298148 0.0317708 0.0481481
3 0.579427 0.460648 0.0484375 0.0101852
3 0.65 0.39537 0.046875 0.0148148
3 0.666667 0.402315 0.0447917 0.0194444
0 0.579427 0.6125 0.0338542 0.0564815
0 0.643229 0.468519 0.0489583 0.101852
3 0.633073 0.388426 0.0484375 0.0194444
0 0.527083 0.528704 0.0395833 0.0555556
3 0.579948 0.584722 0.0463542 0.012037
3 0.530469 0.496759 0.0411458 0.0138889
0 0.580469 0.503241 0.0359375 0.0657407
