3 0.646094 0.314352 0.0359375 0.0601852
3 0.7125 0.270833 0.040625 0.0138889
3 0.584375 0.581944 0.0375 0.012037
3 0.621094 0.422222 0.0338542 0.0333333
0 0.632031 0.460185 0.0432292 0.0814815
3 0.645312 0.399074 0.059375 0.0240741
3 0.71276 0.27963 0.0442708 0.0166667
1 0.739844 0.256944 0.0317708 0.0490741
0 0.711458 0.31713 0.0302083 0.062037
0 0.630469 0.540741 0.0515625 0.0907407
3 0.711458 0.401852 0.090625 0.0351852
3 0.566927 0.440278 0.0432292 0.0101852
1 0.642448 0.331944 0.0338542 0.0564815
1 0.71224 0.323611 0.0338542 0.0435185
3 0.741406 0.226852 0.0432292 0.012963
3 0.647135 0.294444 0.0432292 0.0111111
0 0.563802 0.481944 0.0390625 0.062037
0 0.61875 0.452315 0.0364583 0.0675926
3 0.646875 0.400463 0.04375 0.0138889
