3 0.642448 0.467593 0.0317708 0.0148148
1 0.651823 0.390278 0.0536458 0.0361111
3 0.589323 0.578241 0.0338542 0.0287037
0 0.66875 0.43287 0.05 0.0805556
0 0.647396 0.408796 0.0375 0.0583333
0 0.659375 0.304167 0.0375 0.0527778
3 0.719792 0.253241 0.0489583 0.012037
3 0.588542 0.563426 0.0364583 0.012037
0 0.634115 0.516204 0.0515625 0.0824074
3 0.665104 0.266204 0.0489583 0.0157407
1 0.728906 0.300463 0.0401042 0.0527778
1 0.659635 0.30463 0.0390625 0.0592593
3 0.648438 0.388426 0.0447917 0.0231481
3 0.591146 0.407407 0.0427083 0.0111111
0 0.588542 0.445833 0.0458333 0.0657407
0 0.590625 0.603241 0.034375 0.0601852
