3 0.677865 0.403241 0.0859375 0.0194444
3 0.613542 0.379167 0.0354167 0.0527778
3 0.664583 0.405556 0.0458333 0.0185185
0 0.579427 0.613426 0.0369792 0.0583333
0 0.610156 0.398611 0.0317708 0.0638889
0 0.655729 0.4625 0.05625 0.0935185
3 0.576042 0.597685 0.0416667 0.037963
1 0.611719 0.398148 0.0244792 0.0611111
3 0.648698 0.39537 0.0515625 0.0148148
1 0.672135 0.354167 0.0411458 0.0787037
3 0.683073 0.305093 0.0484375 0.0175926
3 0.613021 0.361111 0.040625 0.012963
0 0.502344 0.628704 0.0421875 0.0722222
0 0.527083 0.540741 0.04375 0.0722222
3 0.640365 0.390278 0.0494792 0.0157407
3 0.578385 0.585185 0.0473958 0.0111111
