3 0.572396 0.506944 0.0260417 0.0435185
1 0.551042 0.448611 0.0354167 0.0398148
3 0.560938 0.463426 0.028125 0.0324074
3 0.458073 0.411111 0.0463542 0.012963
1 0.567187 0.502315 0.0291667 0.0453704
3 0.473177 0.353241 0.0390625 0.0435185
0 0.554427 0.459259 0.0348958 0.0462963
0 0.566667 0.50463 0.0291667 0.0518519
1 0.472656 0.37963 0.0244792 0.0574074
0 0.472396 0.375926 0.034375 0.05
3 0.550521 0.413426 0.0333333 0.0194444
0 0.529688 0.406481 0.0333333 0.05
3 0.553125 0.40787 0.034375 0.012037
1 0.526823 0.410648 0.0401042 0.0453704
0 0.582812 0.55463 0.0375 0.0518519
3 0.471875 0.340741 0.0427083 0.0111111
0 0.459635 0.457407 0.0463542 0.0851852
3 0.53125 0.36713 0.0416667 0.012037
