3 0.657292 0.406481 0.0447917 0.0259259
3 0.642448 0.401389 0.0380208 0.025
3 0.613802 0.409722 0.0432292 0.0435185
0 0.663021 0.456944 0.05 0.0861111
3 0.626042 0.419444 0.0416667 0.037037
3 0.502865 0.589352 0.0463542 0.0138889
0 0.619792 0.425926 0.0489583 0.0777778
0 0.46224 0.753704 0.0421875 0.0703704
0 0.633854 0.481481 0.053125 0.107407
0 0.584635 0.636574 0.0421875 0.0842593
3 0.629948 0.405556 0.0421875 0.0277778
0 0.628385 0.519907 0.0557292 0.0990741
0 0.49974 0.625926 0.0380208 0.0722222
