3 0.683073 0.408333 0.104687 0.0314815
3 0.65625 0.405093 0.0833333 0.0212963
1 0.61276 0.398611 0.0348958 0.0731481
0 0.626302 0.518981 0.0526042 0.112037
0 0.61224 0.402315 0.0421875 0.075
3 0.538542 0.569907 0.0385417 0.0212963
3 0.64375 0.398148 0.05 0.0185185
0 0.564844 0.606481 0.0453125 0.0833333
3 0.614062 0.359722 0.0458333 0.0157407
3 0.628906 0.393519 0.0453125 0.0203704
3 0.578125 0.587963 0.04375 0.0166667
0 0.577083 0.606481 0.034375 0.0666667
0 0.634375 0.483333 0.059375 0.111111
0 0.538281 0.611111 0.0463542 0.0833333
