3 0.685417 0.4 0.08125 0.0166667
0 0.634635 0.443519 0.0390625 0.0740741
3 0.645052 0.397222 0.0390625 0.0259259
3 0.68125 0.407407 0.0916667 0.0259259
0 0.611719 0.634259 0.0494792 0.0833333
3 0.614844 0.398611 0.0369792 0.0361111
0 0.661979 0.456944 0.0510417 0.0861111
3 0.613281 0.37037 0.0484375 0.0185185
3 0.614062 0.358796 0.0458333 0.0138889
3 0.657031 0.401389 0.0484375 0.0231481
3 0.47526 0.599074 0.0411458 0.0111111
0 0.633854 0.47963 0.0541667 0.107407
0 0.528385 0.725926 0.0432292 0.0703704
0 0.473437 0.638426 0.0364583 0.0601852
