0 0.663542 0.459259 0.053125 0.0759259
3 0.683854 0.406481 0.105208 0.0296296
3 0.579167 0.588426 0.040625 0.012037
3 0.651563 0.393981 0.0729167 0.0287037
3 0.613542 0.384259 0.0395833 0.0518519
3 0.533333 0.57037 0.0458333 0.012963
3 0.648698 0.386574 0.0484375 0.0212963
3 0.477344 0.537963 0.0432292 0.0111111
0 0.647396 0.465741 0.0552083 0.101852
0 0.60625 0.397222 0.0364583 0.0518519
1 0.611719 0.400463 0.0265625 0.0527778
3 0.64349 0.393981 0.0484375 0.0194444
0 0.504948 0.624074 0.0369792 0.0574074
3 0.613021 0.360648 0.0395833 0.0138889
0 0.469792 0.574537 0.0354167 0.0638889
