3 0.502083 0.604167 0.0447917 0.0490741
3 0.504948 0.588889 0.0453125 0.0111111
3 0.611458 0.378704 0.0385417 0.0407407
3 0.711979 0.408333 0.102083 0.0388889
0 0.609896 0.401389 0.0364583 0.0527778
0 0.624219 0.423611 0.0453125 0.0657407
3 0.640885 0.39537 0.0359375 0.0166667
0 0.628906 0.451852 0.0380208 0.0703704
0 0.627604 0.529167 0.0510417 0.0787037
3 0.616667 0.396296 0.0364583 0.0351852
3 0.61224 0.362037 0.0390625 0.012963
0 0.486458 0.753241 0.0364583 0.0657407
0 0.501302 0.624074 0.0411458 0.0666667
3 0.627604 0.396296 0.0427083 0.0203704
