3 0.68125 0.406944 0.111458 0.0287037
3 0.611719 0.402315 0.0307292 0.0527778
0 0.579687 0.613426 0.0270833 0.0861111
0 0.607552 0.400926 0.0359375 0.0537037
3 0.461198 0.616204 0.0421875 0.0212963
3 0.655469 0.400926 0.0911458 0.0222222
3 0.533333 0.664352 0.046875 0.0138889
1 0.611198 0.399074 0.0255208 0.062963
3 0.613281 0.356944 0.0463542 0.0138889
0 0.633333 0.461574 0.0447917 0.0898148
0 0.4625 0.64537 0.0395833 0.0666667
3 0.630729 0.396296 0.046875 0.0166667
0 0.532552 0.702315 0.0317708 0.0601852
