1 0.63151 0.437037 0.0380208 0.0648148
3 0.61276 0.356481 0.0484375 0.0185185
3 0.465625 0.606019 0.04375 0.0101852
3 0.582031 0.587963 0.0432292 0.0148148
0 0.583594 0.60787 0.0421875 0.0638889
0 0.660156 0.450926 0.0494792 0.0777778
3 0.659115 0.4 0.0526042 0.0222222
3 0.614583 0.384722 0.0489583 0.0546296
0 0.636719 0.456944 0.0473958 0.0953704
0 0.63125 0.516204 0.0572917 0.113889
0 0.613542 0.4 0.04375 0.0537037
3 0.680469 0.40463 0.0921875 0.0240741
0 0.538802 0.661574 0.0484375 0.0787037
3 0.62526 0.39537 0.0411458 0.0240741
0 0.535156 0.608333 0.0505208 0.0814815
0 0.460156 0.642593 0.0411458 0.0722222
0 0.5375 0.696759 0.0489583 0.075
