0 0.529167 0.405093 0.0364583 0.0453704
0 0.55651 0.455093 0.0380208 0.0601852
3 0.530208 0.369444 0.040625 0.0148148
3 0.460156 0.411574 0.0307292 0.0138889
3 0.542708 0.403704 0.0375 0.0166667
1 0.585938 0.551852 0.028125 0.0481481
3 0.550781 0.41713 0.0380208 0.0212963
3 0.473698 0.334259 0.0369792 0.0111111
1 0.47474 0.37037 0.0359375 0.0518519
1 0.558073 0.458333 0.0276042 0.0481481
0 0.45625 0.463426 0.0385417 0.0805556
3 0.528906 0.375 0.0359375 0.0148148
1 0.573958 0.509722 0.028125 0.0546296
3 0.551302 0.40787 0.0401042 0.012037
