0 0.617188 0.625463 0.040625 0.0583333
0 0.619271 0.406481 0.04375 0.0759259
3 0.683073 0.405556 0.0932292 0.0259259
3 0.64375 0.398148 0.0395833 0.0185185
0 0.58125 0.606481 0.0364583 0.05
0 0.633594 0.434259 0.0453125 0.0740741
3 0.464323 0.606944 0.0463542 0.0101852
3 0.628646 0.399537 0.0427083 0.0305556
1 0.611198 0.399074 0.0338542 0.0685185
0 0.63776 0.464352 0.0494792 0.0972222
3 0.611719 0.353241 0.0505208 0.0212963
0 0.457031 0.650463 0.0536458 0.075
0 0.561458 0.685648 0.046875 0.0805556
