3 0.627083 0.417593 0.0385417 0.0314815
0 0.633854 0.438426 0.040625 0.0601852
3 0.465885 0.602778 0.0484375 0.0111111
3 0.613021 0.405093 0.0364583 0.0342593
0 0.610937 0.407407 0.040625 0.0592593
3 0.611979 0.371759 0.0364583 0.0287037
3 0.642187 0.393981 0.04375 0.0157407
3 0.613021 0.362963 0.0447917 0.012963
0 0.629427 0.529167 0.0463542 0.0935185
3 0.63099 0.399074 0.0442708 0.0185185
0 0.665885 0.455093 0.0463542 0.0805556
0 0.466667 0.643056 0.0395833 0.0675926
3 0.535937 0.661111 0.0489583 0.012963
0 0.535417 0.702778 0.0354167 0.0555556
