1 0.557031 0.443981 0.0432292 0.0435185
3 0.556771 0.44213 0.0291667 0.0342593
1 0.45599 0.459259 0.0390625 0.0777778
3 0.472396 0.333333 0.0385417 0.0148148
0 0.528385 0.398611 0.0380208 0.0527778
0 0.557031 0.455556 0.0380208 0.0537037
3 0.453646 0.503241 0.03125 0.0361111
1 0.471875 0.371296 0.0270833 0.0592593
3 0.551562 0.405093 0.0364583 0.012037
3 0.530729 0.363426 0.0447917 0.012037
3 0.541667 0.400926 0.0354167 0.0148148
1 0.559375 0.45787 0.0260417 0.0416667
3 0.528646 0.378704 0.0375 0.0351852
3 0.459635 0.410185 0.0359375 0.0111111
0 0.457812 0.47037 0.0479167 0.0833333
3 0.552083 0.425 0.0354167 0.0259259
1 0.573958 0.506481 0.028125 0.0518519
1 0.585417 0.556481 0.0395833 0.0555556
