3 0.63125 0.468981 0.0302083 0.0305556
3 0.63151 0.38287 0.0421875 0.0157407
3 0.68125 0.406944 0.0989583 0.0194444
3 0.614844 0.398611 0.0328125 0.0398148
0 0.627083 0.436111 0.0385417 0.0611111
3 0.61224 0.374537 0.0359375 0.037963
0 0.572917 0.658333 0.0427083 0.0740741
0 0.61849 0.41713 0.0463542 0.0694444
1 0.627865 0.441667 0.0348958 0.0648148
0 0.607292 0.400926 0.0364583 0.0537037
0 0.627083 0.527315 0.040625 0.0768519
3 0.629687 0.47963 0.0364583 0.0148148
0 0.58125 0.61713 0.0322917 0.0675926
0 0.666406 0.450926 0.0453125 0.0722222
3 0.6125 0.364815 0.0479167 0.0148148
0 0.566146 0.681944 0.046875 0.0601852
0 0.458333 0.645833 0.0416667 0.0675926
3 0.629167 0.395833 0.0427083 0.0157407
