3 0.586719 0.35 0.0380208 0.0277778
0 0.646615 0.412037 0.0401042 0.0611111
1 0.595052 0.37963 0.0411458 0.062963
1 0.604167 0.390278 0.0322917 0.0509259
1 0.646354 0.410185 0.0354167 0.0611111
1 0.622135 0.44537 0.0442708 0.0666667
3 0.569531 0.281944 0.0380208 0.0231481
3 0.570052 0.27963 0.0463542 0.0111111
1 0.58125 0.370833 0.03125 0.0527778
3 0.47526 0.437963 0.0369792 0.0314815
0 0.53099 0.300463 0.0307292 0.0509259
3 0.508594 0.47037 0.0369792 0.0148148
1 0.568229 0.31713 0.0364583 0.0601852
3 0.51849 0.33287 0.0359375 0.0194444
0 0.503385 0.511574 0.0442708 0.0601852
1 0.533594 0.306481 0.0359375 0.0444444
0 0.515625 0.37963 0.0385417 0.0796296
3 0.645312 0.374074 0.0395833 0.012963
3 0.588802 0.335185 0.0442708 0.00925926
0 0.471615 0.468981 0.0369792 0.0657407
3 0.539844 0.270833 0.0453125 0.0194444
3 0.47474 0.421296 0.0453125 0.0166667
