0 0.458854 0.462963 0.0395833 0.0796296
1 0.45625 0.449074 0.0322917 0.0796296
3 0.528385 0.367593 0.0432292 0.0148148
1 0.532812 0.400463 0.0322917 0.0472222
3 0.551823 0.4125 0.0369792 0.0175926
3 0.538802 0.405093 0.0328125 0.0287037
3 0.573958 0.514352 0.0291667 0.037963
0 0.553125 0.462963 0.0395833 0.0611111
1 0.476823 0.368056 0.0401042 0.0546296
3 0.552083 0.406019 0.034375 0.012037
3 0.527604 0.378241 0.0333333 0.0268519
3 0.45599 0.410185 0.0338542 0.0203704
1 0.572917 0.508796 0.0229167 0.0416667
0 0.583073 0.55787 0.0390625 0.0527778
1 0.457031 0.466667 0.0546875 0.101852
3 0.473177 0.330556 0.0390625 0.0166667
1 0.58125 0.563426 0.04375 0.0657407
