1 0.529167 0.409722 0.0385417 0.0546296
3 0.457552 0.41713 0.0390625 0.0194444
1 0.472135 0.374074 0.0307292 0.062963
3 0.560677 0.469444 0.0307292 0.037037
0 0.474219 0.375463 0.0338542 0.0638889
3 0.586458 0.51713 0.034375 0.012037
3 0.468229 0.398148 0.0291667 0.0111111
0 0.55599 0.462037 0.0338542 0.0611111
1 0.45625 0.458333 0.0385417 0.087037
3 0.463542 0.408796 0.0385417 0.0157407
3 0.527083 0.370833 0.0364583 0.0157407
0 0.528646 0.406481 0.034375 0.0518519
1 0.571875 0.506481 0.025 0.0425926
3 0.552083 0.415741 0.0302083 0.0222222
0 0.458333 0.459259 0.0479167 0.0759259
0 0.582812 0.555556 0.040625 0.05
3 0.474219 0.338426 0.0401042 0.012037
1 0.554427 0.463889 0.0317708 0.0555556
3 0.576563 0.510648 0.0291667 0.025
1 0.58151 0.557407 0.0369792 0.0666667
