3 0.457812 0.414352 0.0364583 0.0157407
3 0.466146 0.401852 0.0260417 0.0111111
1 0.53125 0.410185 0.0333333 0.0537037
3 0.553125 0.403704 0.0302083 0.00925926
1 0.554688 0.457407 0.0395833 0.0444444
3 0.551823 0.421296 0.0338542 0.0203704
0 0.553906 0.456019 0.0369792 0.0546296
3 0.461979 0.407407 0.0364583 0.0148148
0 0.530729 0.406019 0.0354167 0.0490741
3 0.561979 0.461574 0.0322917 0.0212963
3 0.529167 0.372222 0.0385417 0.0148148
0 0.58099 0.55787 0.0359375 0.0564815
3 0.575 0.510185 0.0302083 0.0259259
0 0.459375 0.456019 0.0447917 0.0787037
