1 0.561198 0.488426 0.0328125 0.0546296
1 0.55599 0.473148 0.0348958 0.0574074
1 0.47474 0.371296 0.0411458 0.062963
3 0.460938 0.411574 0.0302083 0.0194444
0 0.447396 0.625926 0.0489583 0.062963
3 0.549219 0.418981 0.0359375 0.0231481
3 0.573177 0.512037 0.0296875 0.0481481
0 0.473437 0.375926 0.0302083 0.0611111
1 0.472135 0.372222 0.0192708 0.0537037
3 0.551823 0.405556 0.0296875 0.00925926
0 0.527865 0.405556 0.0348958 0.0518519
1 0.558854 0.463889 0.0229167 0.037037
3 0.529427 0.373148 0.0390625 0.0203704
3 0.529688 0.366667 0.0416667 0.0111111
0 0.457812 0.458333 0.0333333 0.0759259
3 0.473698 0.335648 0.0380208 0.0101852
1 0.530729 0.406481 0.034375 0.0481481
3 0.561719 0.464815 0.0286458 0.0314815
1 0.572135 0.507407 0.0296875 0.0518519
1 0.584115 0.552315 0.0338542 0.0583333
