0 0.583594 0.548148 0.0421875 0.0611111
3 0.560938 0.461574 0.025 0.037963
0 0.557552 0.461574 0.0359375 0.0546296
3 0.552604 0.406019 0.0260417 0.012037
0 0.570312 0.513889 0.0322917 0.0555556
3 0.551042 0.423148 0.0302083 0.0240741
1 0.558594 0.459259 0.0317708 0.0425926
1 0.575 0.5125 0.0302083 0.0509259
1 0.472135 0.373611 0.0265625 0.0583333
3 0.528125 0.368981 0.04375 0.0138889
1 0.527604 0.409259 0.0375 0.0444444
0 0.455729 0.445833 0.0427083 0.0842593
3 0.475 0.340741 0.0416667 0.012963
1 0.585677 0.549537 0.0328125 0.0601852
