3 0.561719 0.464815 0.0328125 0.0407407
1 0.458333 0.46713 0.025 0.0583333
0 0.53125 0.408333 0.0416667 0.0481481
0 0.447917 0.62963 0.04375 0.0703704
3 0.572396 0.486574 0.034375 0.0212963
3 0.55625 0.44213 0.0302083 0.0287037
0 0.459635 0.46713 0.0317708 0.0657407
3 0.447917 0.409722 0.0375 0.012037
1 0.45625 0.442593 0.034375 0.0722222
3 0.541406 0.402778 0.0317708 0.0185185
0 0.45625 0.442593 0.0354167 0.0666667
1 0.473177 0.371296 0.0223958 0.0444444
3 0.55026 0.408333 0.0369792 0.0148148
0 0.473698 0.368519 0.0328125 0.0537037
3 0.550521 0.417593 0.03125 0.0240741
1 0.560417 0.460185 0.0239583 0.0407407
1 0.575 0.510185 0.0291667 0.05
3 0.477083 0.338889 0.0427083 0.00925926
3 0.529948 0.366667 0.0453125 0.012963
1 0.585156 0.544907 0.0390625 0.0731481
3 0.528385 0.375 0.0359375 0.0185185
