0 0.53099 0.406481 0.0369792 0.0444444
3 0.554167 0.426389 0.028125 0.0361111
3 0.472917 0.360185 0.0354167 0.0592593
0 0.584375 0.550463 0.0385417 0.0564815
3 0.56224 0.459722 0.0276042 0.025
0 0.473177 0.370833 0.0328125 0.0564815
3 0.559375 0.439815 0.0270833 0.0351852
3 0.531771 0.396759 0.0260417 0.0324074
3 0.538802 0.400463 0.0296875 0.0212963
0 0.558594 0.44537 0.0307292 0.0518519
1 0.45599 0.439352 0.0369792 0.0712963
0 0.569271 0.502778 0.0333333 0.0592593
0 0.456771 0.44537 0.0354167 0.0611111
1 0.575781 0.505093 0.0296875 0.0435185
1 0.473177 0.368056 0.0265625 0.0490741
3 0.478646 0.337963 0.0427083 0.00925926
3 0.530208 0.377315 0.0385417 0.0138889
1 0.585677 0.550463 0.0328125 0.0564815
