0 0.570312 0.514352 0.034375 0.0601852
3 0.466406 0.393519 0.0328125 0.0166667
3 0.609115 0.263889 0.0317708 0.0333333
1 0.569271 0.508333 0.0260417 0.0481481
0 0.53125 0.408796 0.04375 0.0546296
0 0.57526 0.548611 0.0463542 0.0657407
0 0.472656 0.368519 0.0276042 0.0537037
3 0.548958 0.403241 0.0354167 0.0157407
0 0.55599 0.460185 0.0369792 0.0611111
3 0.550781 0.419907 0.0359375 0.0194444
3 0.461198 0.40463 0.0421875 0.012963
1 0.55599 0.461574 0.0317708 0.0509259
3 0.532292 0.37037 0.04375 0.0185185
1 0.471094 0.37037 0.0307292 0.0574074
3 0.473177 0.337037 0.0390625 0.0111111
3 0.53776 0.398611 0.0369792 0.0268519
0 0.607552 0.288889 0.0369792 0.05
3 0.535156 0.376852 0.0390625 0.0111111
1 0.578646 0.552315 0.0416667 0.0601852
0 0.453385 0.472685 0.0609375 0.108333
3 0.611198 0.252778 0.0432292 0.0111111
