3 0.572396 0.512963 0.028125 0.0425926
1 0.535417 0.400463 0.028125 0.0416667
0 0.551302 0.462963 0.0380208 0.0574074
3 0.53099 0.371296 0.0442708 0.0166667
3 0.544792 0.411574 0.0395833 0.0194444
3 0.551042 0.419444 0.0333333 0.0222222
3 0.533333 0.378704 0.0364583 0.0111111
3 0.54974 0.402778 0.0380208 0.0166667
0 0.578385 0.558796 0.0421875 0.062037
3 0.459896 0.407407 0.0416667 0.0148148
3 0.532812 0.408333 0.0416667 0.0296296
0 0.570573 0.514352 0.0328125 0.0601852
1 0.554948 0.464352 0.0296875 0.0546296
3 0.538802 0.398611 0.0359375 0.0175926
0 0.457292 0.452315 0.0541667 0.0861111
0 0.402865 0.559722 0.0380208 0.0509259
0 0.590625 0.305093 0.0322917 0.0490741
3 0.590625 0.26713 0.0354167 0.0101852
