3 0.571354 0.318519 0.0364583 0.05
3 0.646615 0.397222 0.0473958 0.0166667
3 0.552865 0.274537 0.0536458 0.0212963
3 0.652865 0.402315 0.0453125 0.0157407
1 0.64349 0.443519 0.0578125 0.0574074
0 0.567448 0.309259 0.0328125 0.0537037
1 0.6 0.377778 0.046875 0.0537037
3 0.583333 0.328704 0.0364583 0.0111111
3 0.481771 0.431944 0.040625 0.0157407
3 0.592188 0.351389 0.0333333 0.0194444
3 0.590885 0.338426 0.0442708 0.0101852
3 0.520573 0.33287 0.0411458 0.0138889
1 0.609115 0.389815 0.0317708 0.05
1 0.56875 0.312037 0.0354167 0.05
0 0.514844 0.380093 0.0421875 0.0712963
3 0.645573 0.377315 0.0473958 0.0138889
1 0.531771 0.301852 0.0302083 0.0407407
1 0.659375 0.438889 0.0375 0.0574074
1 0.620313 0.439815 0.034375 0.0611111
3 0.56875 0.283796 0.0385417 0.0342593
3 0.478906 0.439815 0.0380208 0.0185185
0 0.479688 0.476389 0.0375 0.0601852
3 0.567448 0.275926 0.0484375 0.012963
3 0.538542 0.269444 0.0416667 0.0148148
3 0.601042 0.356481 0.0385417 0.0166667
