3 0.533333 0.412037 0.0354167 0.0222222
3 0.579948 0.280093 0.0473958 0.0138889
3 0.590104 0.269907 0.0395833 0.0157407
3 0.54375 0.418519 0.0333333 0.0203704
0 0.572135 0.513889 0.0338542 0.0611111
3 0.553385 0.443981 0.0307292 0.0305556
1 0.571094 0.507407 0.0286458 0.0481481
0 0.55 0.464815 0.0375 0.0537037
1 0.554427 0.464352 0.0338542 0.0490741
3 0.586198 0.275463 0.0453125 0.0175926
3 0.536198 0.377315 0.0390625 0.0175926
1 0.580729 0.551852 0.0395833 0.0648148
3 0.473177 0.336111 0.0390625 0.0111111
0 0.461458 0.447222 0.04375 0.0685185
0 0.574219 0.313889 0.0348958 0.0574074
1 0.471094 0.375463 0.0317708 0.062037
3 0.53724 0.398148 0.0338542 0.0259259
3 0.551562 0.428241 0.0322917 0.0175926
