0 0.474219 0.368056 0.0369792 0.0546296
3 0.551302 0.418981 0.0369792 0.0175926
3 0.561719 0.463426 0.0307292 0.0194444
3 0.552083 0.405093 0.0333333 0.012037
1 0.554688 0.457407 0.0416667 0.0444444
0 0.552865 0.461574 0.0401042 0.0509259
0 0.559115 0.330093 0.0390625 0.0638889
0 0.404427 0.564815 0.0369792 0.0777778
3 0.528646 0.378704 0.0270833 0.012963
3 0.555729 0.451389 0.0291667 0.0305556
3 0.57474 0.508796 0.0307292 0.0361111
1 0.470052 0.36713 0.0317708 0.0583333
1 0.572135 0.505556 0.0265625 0.05
3 0.47474 0.336111 0.0411458 0.012963
1 0.58125 0.557407 0.0375 0.0666667
