3 0.460417 0.408796 0.0354167 0.012037
0 0.54349 0.348148 0.0286458 0.0518519
1 0.534896 0.412963 0.0416667 0.0592593
0 0.56875 0.50463 0.0302083 0.0555556
1 0.55651 0.456481 0.0328125 0.0555556
3 0.573438 0.511574 0.0291667 0.0453704
3 0.558854 0.445833 0.0354167 0.0361111
3 0.560938 0.45787 0.0302083 0.0305556
3 0.474219 0.3375 0.0390625 0.012037
3 0.552604 0.422685 0.034375 0.0175926
1 0.474219 0.368519 0.0380208 0.0574074
0 0.584115 0.55 0.0369792 0.0555556
1 0.560938 0.456019 0.028125 0.0305556
3 0.54974 0.408796 0.0369792 0.0138889
1 0.584375 0.544907 0.0354167 0.0638889
1 0.573698 0.504167 0.0286458 0.0416667
0 0.452344 0.458333 0.0526042 0.0814815
1 0.530208 0.400463 0.025 0.062037
