3 0.525521 0.410648 0.0333333 0.0490741
0 0.463281 0.385185 0.0369792 0.0537037
1 0.464844 0.39213 0.0369792 0.0546296
3 0.563021 0.527778 0.0427083 0.0203704
3 0.552083 0.481019 0.0364583 0.0194444
3 0.526823 0.415741 0.0276042 0.0148148
0 0.529688 0.365278 0.040625 0.0546296
3 0.472917 0.341204 0.0427083 0.0138889
3 0.529167 0.32037 0.04375 0.0111111
1 0.548177 0.516667 0.0401042 0.0518519
3 0.448698 0.417593 0.0463542 0.012963
1 0.567708 0.566667 0.040625 0.0574074
0 0.448958 0.469444 0.05 0.0833333
