3 0.433333 0.433796 0.046875 0.012037
3 0.523438 0.42037 0.0385417 0.0148148
1 0.510417 0.447685 0.0385417 0.0527778
0 0.450781 0.40463 0.0369792 0.0537037
1 0.451042 0.413889 0.0364583 0.0537037
3 0.474479 0.340741 0.0458333 0.0111111
1 0.516406 0.368519 0.0307292 0.0648148
1 0.529167 0.496296 0.034375 0.0574074
1 0.521354 0.457407 0.0364583 0.0611111
0 0.514583 0.37037 0.0291667 0.0574074
3 0.451823 0.375463 0.0494792 0.0101852
3 0.51901 0.425463 0.0380208 0.012037
1 0.538021 0.530093 0.0322917 0.0490741
1 0.535937 0.509259 0.0229167 0.062963
3 0.526302 0.322685 0.0473958 0.0194444
1 0.549219 0.571296 0.0432292 0.0555556
0 0.428906 0.486574 0.0505208 0.0805556
