0 0.49974 0.452778 0.0359375 0.0722222
3 0.446615 0.389352 0.0473958 0.0138889
3 0.421094 0.458796 0.0432292 0.0138889
1 0.441146 0.43287 0.0333333 0.062037
3 0.499219 0.390278 0.0338542 0.0435185
3 0.448698 0.378241 0.0484375 0.0138889
1 0.502865 0.459259 0.0359375 0.0555556
3 0.525781 0.472685 0.0401042 0.0138889
1 0.516667 0.530556 0.0354167 0.0648148
0 0.440365 0.431019 0.0390625 0.0527778
3 0.502083 0.351852 0.0395833 0.012963
0 0.501823 0.383796 0.0328125 0.0527778
1 0.525 0.581481 0.0395833 0.0833333
1 0.521094 0.552315 0.0359375 0.0638889
3 0.45026 0.383796 0.0442708 0.0138889
0 0.416667 0.504167 0.0520833 0.0842593
