3 0.511979 0.496296 0.0447917 0.0111111
3 0.490625 0.378704 0.040625 0.0111111
3 0.498698 0.472685 0.0421875 0.025
3 0.523958 0.53287 0.0385417 0.0157407
3 0.40599 0.471759 0.0411458 0.012037
3 0.404167 0.481481 0.0489583 0.012963
3 0.502344 0.507407 0.0317708 0.0333333
1 0.514063 0.562037 0.040625 0.0481481
1 0.498437 0.514815 0.0416667 0.0555556
3 0.438021 0.421759 0.034375 0.025
0 0.436719 0.44213 0.0348958 0.0564815
3 0.507031 0.521759 0.0380208 0.025
3 0.513281 0.510185 0.0401042 0.0148148
3 0.49974 0.419907 0.0380208 0.0175926
3 0.496094 0.480556 0.0390625 0.0222222
1 0.520573 0.58287 0.0473958 0.0768519
3 0.516927 0.525 0.0411458 0.0111111
3 0.500781 0.49213 0.0380208 0.0212963
1 0.439323 0.449074 0.0296875 0.0518519
0 0.405208 0.537963 0.0552083 0.0981481
