3 0.501562 0.465741 0.0354167 0.0166667
1 0.508594 0.55 0.0161458 0.0277778
3 0.4375 0.447685 0.0354167 0.0416667
3 0.488802 0.386111 0.0390625 0.0111111
3 0.510677 0.556019 0.0265625 0.0324074
3 0.504167 0.480093 0.0395833 0.0194444
1 0.478906 0.455093 0.0369792 0.0509259
1 0.507552 0.555556 0.0359375 0.037037
3 0.510156 0.536574 0.0276042 0.0287037
0 0.50599 0.55 0.0432292 0.0537037
3 0.483854 0.395833 0.0385417 0.0157407
3 0.401302 0.484722 0.0453125 0.012037
0 0.584115 0.306944 0.0328125 0.0527778
0 0.478646 0.44213 0.0364583 0.0657407
1 0.528125 0.603241 0.0416667 0.0675926
0 0.54401 0.349074 0.0348958 0.0611111
0 0.402865 0.536574 0.0515625 0.087963
3 0.543229 0.313426 0.0385417 0.0101852
3 0.586719 0.268056 0.0411458 0.012037
