3 0.582292 0.272685 0.05 0.0175926
3 0.48151 0.40787 0.0421875 0.0138889
3 0.473437 0.44537 0.0322917 0.0240741
3 0.508854 0.555556 0.0354167 0.037037
0 0.426042 0.476852 0.0458333 0.0685185
3 0.52526 0.326852 0.0453125 0.0111111
3 0.464323 0.425926 0.0369792 0.0277778
3 0.457292 0.415278 0.0322917 0.025
0 0.482031 0.474537 0.0328125 0.0583333
1 0.477865 0.479167 0.0286458 0.0416667
3 0.506771 0.522685 0.0416667 0.025
0 0.515365 0.585185 0.0442708 0.0759259
3 0.403906 0.484259 0.0463542 0.0148148
3 0.433854 0.415278 0.046875 0.012037
0 0.46276 0.443981 0.0276042 0.0509259
3 0.502083 0.487037 0.03125 0.0259259
0 0.473437 0.461574 0.0416667 0.0731481
0 0.524219 0.362037 0.0348958 0.0555556
3 0.503125 0.47037 0.0395833 0.0148148
0 0.407552 0.525926 0.0421875 0.062963
0 0.381771 0.596296 0.0354167 0.0648148
0 0.434375 0.453704 0.0354167 0.0592593
0 0.567708 0.317593 0.0364583 0.062963
