3 0.433073 0.411111 0.0442708 0.012963
3 0.476562 0.45 0.0354167 0.0314815
0 0.501562 0.555556 0.0427083 0.0462963
3 0.43125 0.415741 0.0416667 0.0111111
3 0.469531 0.413889 0.0442708 0.0148148
3 0.526823 0.564815 0.0390625 0.012963
3 0.510156 0.559259 0.0369792 0.0240741
3 0.501042 0.486111 0.0322917 0.0277778
1 0.502865 0.555093 0.0401042 0.0509259
1 0.480208 0.471759 0.0333333 0.0490741
3 0.553125 0.297685 0.0427083 0.012037
3 0.404948 0.492593 0.0421875 0.0222222
0 0.507031 0.367593 0.0348958 0.0537037
1 0.505469 0.512037 0.0380208 0.0574074
3 0.480469 0.409722 0.0494792 0.0101852
0 0.436198 0.453704 0.0338542 0.0592593
1 0.520833 0.604167 0.046875 0.0787037
3 0.501042 0.468519 0.0375 0.012963
0 0.549219 0.332407 0.0338542 0.0592593
0 0.405729 0.532407 0.0447917 0.0833333
