3 0.571615 0.316204 0.0317708 0.0342593
3 0.652344 0.418519 0.0421875 0.0111111
3 0.605469 0.374074 0.0348958 0.0333333
1 0.607031 0.377778 0.0401042 0.0425926
0 0.534375 0.297222 0.0333333 0.0481481
3 0.613281 0.394907 0.0348958 0.0361111
3 0.643229 0.39213 0.0458333 0.0157407
3 0.592448 0.3375 0.0411458 0.012037
3 0.536719 0.281944 0.0359375 0.0305556
0 0.56875 0.310648 0.03125 0.0527778
1 0.539062 0.299537 0.0364583 0.037963
0 0.651302 0.465741 0.0390625 0.0574074
3 0.522135 0.3375 0.0380208 0.0175926
3 0.645052 0.380556 0.0442708 0.012963
1 0.611979 0.392593 0.0291667 0.0462963
1 0.623438 0.446296 0.034375 0.062963
3 0.482031 0.434259 0.0432292 0.0148148
3 0.567187 0.283333 0.0354167 0.0203704
0 0.48724 0.487963 0.0421875 0.0796296
1 0.651302 0.468056 0.0359375 0.0472222
0 0.466406 0.482407 0.0432292 0.0703704
0 0.50026 0.503241 0.0401042 0.0694444
3 0.540104 0.268981 0.0416667 0.0175926
0 0.516667 0.370833 0.0458333 0.0805556
3 0.601042 0.35787 0.0375 0.0157407
