3 0.516927 0.576852 0.0380208 0.037037
3 0.505729 0.522222 0.0395833 0.0407407
1 0.506771 0.559722 0.040625 0.0453704
3 0.614062 0.283333 0.0354167 0.0333333
3 0.535417 0.306944 0.0458333 0.0157407
3 0.510938 0.566667 0.0416667 0.0222222
0 0.470052 0.481944 0.0390625 0.0657407
3 0.478125 0.446759 0.0322917 0.025
3 0.43125 0.423611 0.0416667 0.0101852
0 0.486458 0.382407 0.0375 0.0555556
0 0.446094 0.484259 0.0317708 0.0537037
1 0.505729 0.51713 0.04375 0.0527778
3 0.505729 0.47963 0.0354167 0.0166667
1 0.478906 0.475463 0.0390625 0.0546296
0 0.532292 0.341667 0.0354167 0.0537037
3 0.442448 0.448611 0.0411458 0.0157407
0 0.40625 0.537037 0.0427083 0.0759259
3 0.610417 0.276852 0.0458333 0.0148148
3 0.408073 0.486111 0.0421875 0.0111111
3 0.506771 0.471296 0.0385417 0.012963
1 0.519271 0.598611 0.0416667 0.0638889
1 0.614062 0.311111 0.0322917 0.0592593
