3 0.507812 0.322685 0.04375 0.00833333
3 0.508073 0.519444 0.0369792 0.0351852
3 0.517969 0.321296 0.0453125 0.00925926
0 0.501823 0.506944 0.0380208 0.0490741
0 0.520573 0.595833 0.0390625 0.0546296
3 0.602865 0.28287 0.0526042 0.0138889
3 0.4375 0.419444 0.040625 0.012963
3 0.465885 0.360648 0.0328125 0.0101852
3 0.480729 0.444444 0.0302083 0.0222222
1 0.507812 0.560185 0.0354167 0.0425926
1 0.526042 0.6 0.0354167 0.0518519
0 0.395052 0.556944 0.0463542 0.0898148
0 0.429688 0.456944 0.0322917 0.0509259
0 0.482292 0.479167 0.0322917 0.0509259
3 0.509896 0.557407 0.0354167 0.0296296
3 0.50599 0.481481 0.0348958 0.0203704
0 0.50651 0.356481 0.0369792 0.0611111
1 0.505729 0.516667 0.040625 0.0574074
3 0.402344 0.4875 0.0390625 0.0138889
1 0.596094 0.326852 0.0328125 0.0555556
0 0.442708 0.521759 0.0260417 0.0601852
3 0.434896 0.424074 0.0395833 0.0111111
3 0.508073 0.471759 0.0380208 0.012037
0 0.464583 0.396296 0.0333333 0.0481481
0 0.402604 0.536574 0.040625 0.0787037
