3 0.49974 0.464815 0.0390625 0.0111111
3 0.576042 0.311574 0.0322917 0.0268519
3 0.439583 0.517593 0.034375 0.0111111
3 0.440625 0.409259 0.0364583 0.0351852
0 0.497656 0.367593 0.0348958 0.0555556
1 0.510156 0.571296 0.0359375 0.0592593
1 0.484375 0.473611 0.0354167 0.0490741
3 0.508594 0.528241 0.0359375 0.0212963
3 0.480469 0.443056 0.0338542 0.012037
3 0.408594 0.490278 0.0421875 0.0175926
1 0.496875 0.486111 0.040625 0.062963
3 0.509635 0.552315 0.0338542 0.0324074
1 0.509896 0.551389 0.0447917 0.0453704
3 0.503906 0.337963 0.0453125 0.012963
3 0.490885 0.468981 0.0421875 0.0194444
3 0.440365 0.378704 0.0348958 0.0222222
1 0.50625 0.509259 0.0333333 0.0574074
0 0.439323 0.402315 0.0317708 0.0564815
0 0.378906 0.589815 0.0390625 0.0555556
0 0.430469 0.453241 0.0296875 0.0583333
1 0.526042 0.59537 0.0427083 0.062963
0 0.407552 0.522222 0.0411458 0.0685185
0 0.440885 0.567593 0.0421875 0.0592593
1 0.573958 0.337963 0.0354167 0.0444444
