3 0.496354 0.356481 0.0364583 0.012963
0 0.42474 0.415741 0.0338542 0.0592593
3 0.427344 0.403241 0.0390625 0.037963
0 0.505729 0.506944 0.0458333 0.0546296
0 0.596615 0.293519 0.0328125 0.0537037
3 0.514323 0.513426 0.0348958 0.0287037
3 0.482812 0.446296 0.0354167 0.0166667
3 0.49349 0.465741 0.0338542 0.012963
3 0.502083 0.486574 0.0364583 0.0287037
3 0.427344 0.418981 0.0369792 0.037963
1 0.528385 0.596296 0.0390625 0.0574074
1 0.554167 0.338889 0.0385417 0.05
3 0.440104 0.518519 0.0354167 0.0111111
0 0.434635 0.447685 0.0307292 0.0546296
1 0.406771 0.520833 0.0489583 0.0675926
0 0.527344 0.597222 0.0390625 0.0518519
0 0.492188 0.407407 0.0333333 0.0685185
0 0.428385 0.434259 0.0453125 0.0703704
0 0.554167 0.34213 0.0333333 0.0509259
3 0.432292 0.372685 0.040625 0.0138889
1 0.435156 0.455556 0.0307292 0.0388889
1 0.59375 0.287037 0.03125 0.0574074
3 0.407292 0.48287 0.0427083 0.0138889
1 0.508594 0.562037 0.0359375 0.0555556
0 0.428646 0.587037 0.0375 0.0611111
0 0.406771 0.519907 0.0395833 0.0601852
3 0.597396 0.259722 0.05 0.012037
