3 0.502344 0.507407 0.0369792 0.0351852
3 0.50651 0.525926 0.0348958 0.0240741
3 0.419271 0.385648 0.0416667 0.012037
3 0.59401 0.261574 0.0526042 0.0157407
1 0.508594 0.581481 0.0390625 0.0648148
0 0.529167 0.350926 0.034375 0.0518519
3 0.526042 0.568056 0.0416667 0.012037
3 0.501823 0.486574 0.0411458 0.0175926
3 0.530469 0.338889 0.0380208 0.0518519
3 0.40651 0.47963 0.0463542 0.012963
1 0.521094 0.600926 0.0411458 0.0574074
3 0.484375 0.381481 0.040625 0.012963
3 0.499479 0.467593 0.0375 0.0148148
0 0.413542 0.429167 0.0375 0.0712963
3 0.490365 0.462963 0.0369792 0.0166667
1 0.504948 0.561111 0.0421875 0.0537037
1 0.578385 0.306944 0.0328125 0.0601852
0 0.473958 0.42037 0.0322917 0.062963
0 0.432813 0.45463 0.0385417 0.0574074
1 0.529688 0.349537 0.0375 0.0546296
0 0.406771 0.533333 0.046875 0.0851852
