0 0.498958 0.556481 0.0395833 0.05
3 0.499479 0.509259 0.0375 0.0388889
0 0.495833 0.509259 0.0427083 0.0462963
3 0.396875 0.425463 0.034375 0.0472222
1 0.515365 0.37037 0.0401042 0.0537037
0 0.513021 0.363889 0.0427083 0.0648148
1 0.478646 0.476852 0.0354167 0.0444444
3 0.416927 0.550463 0.0432292 0.0138889
0 0.498958 0.529167 0.0447917 0.0675926
3 0.51276 0.365278 0.0463542 0.0583333
0 0.409115 0.566204 0.0536458 0.0805556
1 0.498698 0.556481 0.0411458 0.0444444
3 0.474479 0.44537 0.0333333 0.0185185
3 0.490625 0.466204 0.0354167 0.0157407
0 0.472135 0.456019 0.0380208 0.0601852
3 0.50026 0.53287 0.0380208 0.0342593
1 0.435417 0.458333 0.034375 0.0555556
3 0.397135 0.411111 0.0411458 0.00925926
3 0.433073 0.42037 0.0432292 0.0111111
3 0.5 0.488426 0.0416667 0.0175926
0 0.563021 0.318981 0.0333333 0.0564815
0 0.435677 0.456481 0.0348958 0.0555556
3 0.460938 0.425926 0.04375 0.037037
0 0.416406 0.590278 0.0390625 0.0564815
3 0.525781 0.562963 0.0411458 0.0111111
0 0.461458 0.440741 0.0333333 0.0462963
0 0.39375 0.437963 0.0333333 0.0592593
1 0.56276 0.324537 0.0411458 0.0490741
3 0.404167 0.475463 0.0458333 0.0157407
3 0.563542 0.284722 0.0375 0.012037
3 0.4625 0.40787 0.0395833 0.0138889
1 0.522135 0.601852 0.0442708 0.0648148
0 0.403646 0.536111 0.040625 0.0814815
