3 0.506771 0.356481 0.0322917 0.012963
0 0.472656 0.458333 0.0317708 0.0666667
3 0.433333 0.419907 0.0458333 0.012037
3 0.403906 0.486111 0.0359375 0.0277778
1 0.478646 0.474074 0.0354167 0.0462963
3 0.418229 0.55463 0.0364583 0.0333333
3 0.502604 0.531018 0.0385417 0.0268519
1 0.539844 0.339815 0.0390625 0.0555556
3 0.490885 0.46713 0.0369792 0.0175926
1 0.502344 0.55463 0.0401042 0.0611111
0 0.419531 0.581481 0.0411458 0.0574074
3 0.501562 0.49213 0.034375 0.0194444
3 0.405469 0.474537 0.0421875 0.00833333
3 0.538802 0.313426 0.0328125 0.0194444
3 0.3875 0.474537 0.04375 0.0268519
0 0.439323 0.458796 0.0432292 0.0583333
0 0.454948 0.45787 0.0421875 0.0509259
0 0.379167 0.476389 0.0364583 0.062037
0 0.407552 0.518981 0.0369792 0.0675926
3 0.382292 0.444444 0.0354167 0.0148148
1 0.504427 0.397685 0.0317708 0.062037
3 0.463542 0.406944 0.0479167 0.0157407
0 0.536458 0.343981 0.0354167 0.0509259
1 0.519792 0.598611 0.046875 0.075
