3 0.522135 0.340278 0.0432292 0.0490741
1 0.482812 0.466204 0.0427083 0.0398148
1 0.476562 0.401852 0.034375 0.0851852
3 0.600521 0.313426 0.034375 0.037963
0 0.43099 0.453704 0.0296875 0.0537037
3 0.37526 0.458796 0.0421875 0.0194444
3 0.483333 0.385185 0.0385417 0.0574074
3 0.416667 0.550926 0.0385417 0.0277778
3 0.500781 0.487037 0.0348958 0.0222222
1 0.50026 0.503704 0.0380208 0.0537037
0 0.523438 0.604167 0.040625 0.0675926
3 0.498698 0.475463 0.0401042 0.0138889
3 0.479688 0.445833 0.0375 0.012037
0 0.444271 0.462037 0.034375 0.0592593
0 0.408854 0.520833 0.0385417 0.0694444
1 0.495573 0.486111 0.0421875 0.0518519
1 0.523438 0.353241 0.0354167 0.0509259
0 0.452865 0.472222 0.0359375 0.0537037
1 0.601562 0.33287 0.0375 0.0583333
3 0.405208 0.479167 0.0427083 0.0194444
3 0.490625 0.468056 0.040625 0.0138889
0 0.375 0.4875 0.040625 0.0583333
1 0.504687 0.55463 0.0322917 0.0555556
1 0.527344 0.606019 0.0380208 0.0638889
1 0.484115 0.391204 0.0307292 0.0546296
3 0.379948 0.447685 0.0369792 0.0157407
3 0.434115 0.424074 0.0442708 0.00740741
3 0.483594 0.363889 0.0380208 0.00925926
0 0.421354 0.584722 0.0354167 0.062037
3 0.601823 0.294444 0.0421875 0.00925926
