3 0.483073 0.457407 0.0348958 0.0240741
0 0.482812 0.401389 0.0322917 0.0657407
3 0.421615 0.597685 0.0348958 0.0490741
1 0.507552 0.541667 0.0359375 0.0555556
1 0.435417 0.455556 0.04375 0.0666667
3 0.496094 0.365278 0.0682292 0.025
3 0.486198 0.375463 0.0369792 0.037963
1 0.528125 0.597685 0.040625 0.0638889
3 0.439583 0.45463 0.0333333 0.0333333
0 0.385156 0.513889 0.0442708 0.0777778
0 0.434635 0.460185 0.0390625 0.0555556
3 0.453646 0.457407 0.0354167 0.0185185
0 0.50625 0.553704 0.0322917 0.0574074
3 0.402604 0.491667 0.0364583 0.0148148
3 0.502865 0.506019 0.0390625 0.025
3 0.498698 0.486111 0.0359375 0.0277778
3 0.375 0.453704 0.0489583 0.0166667
3 0.497396 0.467593 0.0364583 0.0185185
3 0.498177 0.475 0.0442708 0.0166667
0 0.527344 0.598148 0.0442708 0.0685185
1 0.504948 0.560648 0.0328125 0.0509259
3 0.415625 0.548148 0.04375 0.0148148
0 0.372917 0.50463 0.040625 0.0685185
0 0.452344 0.505556 0.0317708 0.0537037
3 0.433333 0.424074 0.0447917 0.0111111
0 0.417448 0.593518 0.0380208 0.0648148
1 0.58724 0.351852 0.0380208 0.0611111
