3 0.500521 0.47037 0.0270833 0.0203704
3 0.403125 0.487963 0.040625 0.0166667
0 0.484115 0.401389 0.0359375 0.0564815
0 0.524219 0.606019 0.0421875 0.0657407
1 0.482292 0.406481 0.03125 0.0555556
3 0.481771 0.368056 0.0395833 0.0324074
0 0.483854 0.456019 0.0302083 0.0638889
1 0.482812 0.461111 0.0427083 0.0462963
3 0.454948 0.49537 0.0328125 0.0148148
0 0.394271 0.55 0.0427083 0.0740741
3 0.374219 0.456944 0.0473958 0.0157407
0 0.480729 0.428704 0.0427083 0.0648148
3 0.418229 0.550463 0.0385417 0.012037
3 0.484115 0.450463 0.0338542 0.0342593
0 0.432813 0.45787 0.034375 0.0509259
3 0.502083 0.490741 0.0354167 0.0296296
0 0.397396 0.523148 0.0479167 0.0777778
0 0.37474 0.496759 0.0401042 0.0583333
0 0.503646 0.555556 0.0385417 0.0537037
1 0.505729 0.508796 0.0302083 0.0490741
3 0.484896 0.35787 0.0354167 0.0194444
3 0.569792 0.331019 0.0385417 0.0101852
0 0.567708 0.367593 0.0364583 0.0537037
1 0.502865 0.561574 0.0359375 0.0546296
1 0.526823 0.605556 0.0401042 0.0703704
3 0.479948 0.337037 0.0369792 0.0148148
3 0.479427 0.350463 0.0328125 0.0287037
0 0.454427 0.543056 0.0307292 0.0638889
3 0.375 0.45 0.0489583 0.0148148
3 0.435156 0.419444 0.0380208 0.0111111
1 0.436719 0.458333 0.0338542 0.0537037
