3 0.62526 0.425 0.0421875 0.0333333
3 0.608073 0.373148 0.0380208 0.0462963
3 0.520052 0.329167 0.0442708 0.0212963
1 0.626562 0.437037 0.0375 0.0537037
3 0.590885 0.350926 0.0328125 0.0314815
3 0.565625 0.277778 0.0458333 0.00925926
3 0.478125 0.435185 0.0385417 0.012963
0 0.534115 0.301852 0.0286458 0.0555556
1 0.610156 0.393056 0.0348958 0.062037
1 0.53776 0.302315 0.0359375 0.0527778
3 0.627083 0.397222 0.0385417 0.0148148
1 0.6375 0.459722 0.046875 0.0509259
3 0.589844 0.338426 0.0411458 0.0138889
0 0.496094 0.498148 0.0473958 0.0722222
0 0.565365 0.32037 0.0328125 0.0611111
3 0.603125 0.356944 0.040625 0.0157407
3 0.538021 0.265278 0.0395833 0.0157407
0 0.515885 0.367593 0.0463542 0.0796296
