3 0.4375 0.449074 0.0291667 0.0592593
0 0.454167 0.527315 0.0385417 0.0398148
1 0.436719 0.456481 0.0401042 0.0481481
0 0.398438 0.547222 0.0354167 0.062963
0 0.380469 0.5 0.0401042 0.0555556
0 0.482292 0.418519 0.034375 0.0537037
3 0.376563 0.450926 0.046875 0.0166667
3 0.547135 0.335185 0.0411458 0.0407407
3 0.404427 0.493981 0.0411458 0.0231481
1 0.502865 0.515278 0.0442708 0.0638889
0 0.520573 0.600463 0.0453125 0.0564815
0 0.397396 0.522685 0.0479167 0.075
3 0.478646 0.437963 0.0333333 0.0222222
3 0.390885 0.489352 0.0401042 0.0175926
3 0.501823 0.53287 0.0390625 0.037963
1 0.484896 0.40787 0.0302083 0.0435185
3 0.455729 0.517593 0.0364583 0.0259259
3 0.376302 0.463889 0.0421875 0.0240741
0 0.457812 0.360648 0.034375 0.0435185
0 0.55 0.349074 0.0354167 0.0518519
3 0.478385 0.372222 0.0359375 0.0185185
1 0.456771 0.362963 0.040625 0.0444444
3 0.501042 0.480093 0.0385417 0.0175926
0 0.433594 0.465278 0.0348958 0.0527778
1 0.551042 0.348611 0.0385417 0.0638889
1 0.523177 0.603241 0.0463542 0.0657407
3 0.459375 0.338426 0.0354167 0.0175926
3 0.497396 0.472685 0.0447917 0.012037
0 0.454427 0.552315 0.0390625 0.062037
1 0.501042 0.558796 0.04375 0.0564815
3 0.417708 0.557407 0.0364583 0.0166667
3 0.553385 0.321296 0.0442708 0.0111111
3 0.436198 0.424074 0.0390625 0.0111111
