3 0.52474 0.57037 0.0442708 0.0111111
3 0.455208 0.356019 0.0364583 0.0157407
3 0.535417 0.337963 0.0333333 0.0388889
0 0.495052 0.503704 0.0411458 0.0407407
3 0.453385 0.521296 0.0411458 0.0148148
0 0.483594 0.490278 0.0369792 0.0546296
3 0.48724 0.451389 0.0411458 0.012037
3 0.511979 0.568981 0.0395833 0.0194444
3 0.544531 0.318981 0.0473958 0.0138889
0 0.484115 0.416204 0.0328125 0.0546296
1 0.434635 0.458333 0.0401042 0.0611111
1 0.507031 0.558796 0.0359375 0.0527778
3 0.492188 0.459722 0.0364583 0.0138889
3 0.486719 0.366204 0.0390625 0.0138889
3 0.501823 0.483333 0.0369792 0.0148148
1 0.454167 0.390741 0.0354167 0.0407407
3 0.433073 0.423148 0.0390625 0.0111111
3 0.501823 0.471759 0.0338542 0.012037
1 0.504948 0.516667 0.0432292 0.0537037
0 0.455208 0.380556 0.03125 0.0444444
0 0.36875 0.609722 0.025 0.0638889
0 0.536719 0.35787 0.0411458 0.0601852
3 0.395052 0.49213 0.0390625 0.0194444
3 0.486458 0.372222 0.0375 0.0111111
0 0.447396 0.563889 0.0354167 0.0611111
1 0.521875 0.604167 0.0489583 0.0638889
3 0.48125 0.445833 0.0302083 0.0175926
0 0.402604 0.536574 0.0416667 0.0657407
