0 0.48151 0.398148 0.0276042 0.05
3 0.504167 0.521759 0.0395833 0.0398148
3 0.492969 0.456019 0.0411458 0.0138889
3 0.452083 0.525463 0.0427083 0.0138889
3 0.483854 0.375 0.0395833 0.0314815
3 0.490885 0.363426 0.0421875 0.0101852
1 0.504167 0.515741 0.046875 0.0555556
1 0.452865 0.386111 0.0380208 0.05
1 0.435417 0.460185 0.0395833 0.0592593
1 0.525 0.386574 0.034375 0.0490741
1 0.484115 0.40463 0.0317708 0.0592593
0 0.521354 0.602778 0.0479167 0.0592593
0 0.371354 0.501389 0.034375 0.0583333
3 0.523177 0.357407 0.0317708 0.0148148
3 0.433333 0.421759 0.0375 0.012037
0 0.454948 0.387037 0.0328125 0.0425926
3 0.374219 0.458796 0.0359375 0.012037
0 0.431771 0.465741 0.0375 0.0592593
3 0.502083 0.467593 0.0385417 0.012963
0 0.402083 0.53287 0.0385417 0.0694444
3 0.485156 0.447685 0.0338542 0.0138889
3 0.401823 0.491204 0.0401042 0.012037
3 0.502083 0.491204 0.0333333 0.0231481
0 0.522396 0.384722 0.0322917 0.0527778
0 0.451823 0.564352 0.0380208 0.0509259
3 0.453906 0.355093 0.0380208 0.0157407
