3 0.414844 0.551852 0.0359375 0.0259259
3 0.45 0.521296 0.0333333 0.0166667
1 0.48724 0.484259 0.0369792 0.0574074
3 0.375781 0.492593 0.0307292 0.0407407
3 0.483073 0.418981 0.0265625 0.0212963
1 0.452344 0.387037 0.0348958 0.0555556
3 0.500521 0.489815 0.0354167 0.0203704
3 0.52526 0.583796 0.0359375 0.0398148
1 0.501042 0.511574 0.0333333 0.0453704
0 0.421354 0.584259 0.0322917 0.0574074
3 0.48151 0.439352 0.0307292 0.0157407
0 0.43151 0.45787 0.0411458 0.0583333
1 0.504687 0.531018 0.0375 0.0657407
0 0.453125 0.384722 0.0302083 0.0435185
3 0.501302 0.47037 0.0307292 0.0148148
3 0.490625 0.465741 0.0354167 0.0203704
1 0.480208 0.472222 0.0302083 0.05
3 0.37474 0.463426 0.0390625 0.0157407
3 0.39375 0.493981 0.0395833 0.012037
3 0.482292 0.365278 0.0458333 0.0157407
0 0.403125 0.535648 0.0416667 0.0638889
1 0.495313 0.499537 0.034375 0.0527778
0 0.451042 0.55787 0.0322917 0.0583333
1 0.504687 0.550926 0.03125 0.0537037
3 0.434115 0.417593 0.0380208 0.0148148
3 0.517708 0.366204 0.04375 0.0157407
1 0.528646 0.597685 0.0333333 0.0601852
3 0.451562 0.361111 0.0395833 0.0148148
1 0.436458 0.45787 0.0354167 0.0638889
1 0.508854 0.410648 0.0354167 0.0527778
