1 0.482292 0.398148 0.0302083 0.0574074
0 0.486458 0.4 0.0354167 0.0518519
1 0.410156 0.528704 0.0463542 0.062963
3 0.451823 0.37963 0.0401042 0.0481481
3 0.480729 0.378704 0.034375 0.0388889
3 0.416146 0.543981 0.0385417 0.0342593
3 0.485156 0.448148 0.0380208 0.0240741
3 0.526823 0.572685 0.0359375 0.0175926
3 0.481771 0.365741 0.0416667 0.0111111
3 0.440104 0.417593 0.0375 0.0111111
3 0.499219 0.489815 0.0369792 0.0314815
3 0.407031 0.490278 0.0401042 0.0101852
0 0.41276 0.530556 0.0442708 0.0648148
1 0.496615 0.501852 0.0473958 0.0555556
3 0.374479 0.457407 0.04375 0.0148148
0 0.453906 0.565278 0.0411458 0.0546296
3 0.453385 0.521296 0.0432292 0.012963
1 0.507812 0.559722 0.0395833 0.0435185
1 0.514844 0.40463 0.0338542 0.0555556
3 0.490885 0.468519 0.0359375 0.0222222
0 0.436458 0.458333 0.040625 0.0537037
0 0.525521 0.606481 0.0416667 0.0592593
3 0.454948 0.361111 0.0442708 0.0148148
0 0.51224 0.411574 0.0359375 0.0527778
3 0.514583 0.37963 0.0427083 0.0111111
1 0.438802 0.457407 0.0369792 0.0425926
0 0.370313 0.525 0.0489583 0.0888889
3 0.435417 0.421759 0.0395833 0.0101852
