3 0.511979 0.563889 0.040625 0.0351852
1 0.436198 0.458796 0.0338542 0.0527778
3 0.404948 0.493519 0.0484375 0.012963
3 0.45625 0.361111 0.0427083 0.0148148
3 0.440625 0.413426 0.0385417 0.0157407
3 0.499479 0.494907 0.0354167 0.0342593
1 0.521615 0.605556 0.0536458 0.0611111
0 0.486719 0.410185 0.0338542 0.0574074
3 0.517969 0.569907 0.0401042 0.0194444
3 0.452083 0.51713 0.0375 0.0175926
0 0.509896 0.413426 0.0333333 0.0564815
0 0.375781 0.509722 0.0442708 0.0768519
3 0.515365 0.374537 0.0411458 0.0101852
1 0.497656 0.496296 0.0359375 0.0555556
1 0.477344 0.469907 0.0338542 0.0490741
1 0.511719 0.405556 0.0317708 0.0592593
1 0.505208 0.511574 0.0395833 0.0564815
3 0.493229 0.467593 0.0375 0.0166667
3 0.376042 0.465278 0.046875 0.0138889
0 0.434896 0.461574 0.0427083 0.0583333
0 0.451562 0.563889 0.0416667 0.0611111
1 0.506771 0.562963 0.0447917 0.062963
0 0.519531 0.603704 0.0473958 0.0592593
0 0.409896 0.532407 0.0447917 0.0740741
