3 0.514844 0.375 0.0401042 0.00925926
3 0.501823 0.468056 0.0369792 0.012037
3 0.391406 0.493519 0.0453125 0.0166667
1 0.411198 0.544907 0.0369792 0.0657407
3 0.488021 0.36713 0.0447917 0.012037
1 0.505208 0.560648 0.0427083 0.0490741
1 0.508854 0.412037 0.0322917 0.0444444
3 0.37474 0.466667 0.0390625 0.0185185
0 0.435417 0.58287 0.0375 0.0694444
3 0.502083 0.485185 0.0375 0.0185185
3 0.405208 0.503704 0.0458333 0.0240741
0 0.429427 0.457407 0.0286458 0.0425926
1 0.497135 0.5125 0.0442708 0.0546296
0 0.486198 0.409259 0.0348958 0.0611111
0 0.376563 0.493056 0.034375 0.0490741
3 0.40599 0.5 0.0494792 0.00925926
0 0.515885 0.598148 0.0453125 0.0685185
3 0.446875 0.528241 0.0427083 0.012037
0 0.510938 0.410648 0.034375 0.0564815
1 0.427083 0.459259 0.0333333 0.0611111
0 0.448958 0.56713 0.0375 0.0657407
3 0.489844 0.462037 0.0401042 0.012963
3 0.482292 0.444444 0.03125 0.012963
0 0.411198 0.54213 0.0442708 0.0712963
0 0.450521 0.391667 0.0364583 0.062963
3 0.503385 0.525463 0.0390625 0.0231481
3 0.429167 0.422685 0.0427083 0.00833333
3 0.45651 0.360185 0.0453125 0.0148148
