3 0.446354 0.556019 0.0375 0.0435185
3 0.504167 0.465741 0.034375 0.0166667
3 0.398177 0.445833 0.0369792 0.0435185
3 0.481771 0.449537 0.0333333 0.0175926
3 0.483073 0.366667 0.0484375 0.0148148
0 0.389323 0.536574 0.0598958 0.0787037
0 0.510156 0.41713 0.0411458 0.0546296
3 0.402604 0.503704 0.04375 0.0166667
1 0.399479 0.450463 0.0364583 0.0509259
0 0.446615 0.572685 0.0390625 0.062037
3 0.503646 0.531482 0.0333333 0.0166667
3 0.50026 0.491204 0.0359375 0.0342593
1 0.48151 0.408796 0.0307292 0.0564815
0 0.373698 0.519907 0.0411458 0.0842593
1 0.501823 0.503241 0.0348958 0.0583333
1 0.504167 0.562037 0.0354167 0.0481481
0 0.436719 0.585185 0.0380208 0.0685185
1 0.511979 0.408333 0.034375 0.0611111
0 0.452083 0.3875 0.0322917 0.0490741
0 0.526563 0.609259 0.0385417 0.0574074
3 0.376823 0.464352 0.0421875 0.0138889
3 0.44974 0.529167 0.0380208 0.012037
0 0.404948 0.548611 0.0463542 0.0712963
3 0.402344 0.428241 0.0463542 0.0101852
3 0.447656 0.534722 0.0411458 0.0138889
3 0.451302 0.360648 0.0432292 0.0194444
