3 0.399479 0.489352 0.04375 0.0212963
1 0.501562 0.506944 0.0302083 0.037963
0 0.37526 0.490741 0.0317708 0.0555556
1 0.37526 0.452778 0.0380208 0.0462963
0 0.522135 0.593518 0.0369792 0.0574074
3 0.498958 0.488426 0.0322917 0.025
0 0.373958 0.519444 0.040625 0.0796296
3 0.503646 0.528704 0.0395833 0.0240741
3 0.480208 0.441667 0.0416667 0.0111111
3 0.515104 0.380093 0.0416667 0.0101852
0 0.372917 0.468519 0.0375 0.0685185
1 0.482031 0.402778 0.0369792 0.0703704
3 0.488802 0.364352 0.0463542 0.012037
0 0.510417 0.410648 0.0354167 0.0527778
1 0.511458 0.406019 0.0395833 0.0472222
3 0.371354 0.444907 0.03125 0.0453704
3 0.500521 0.46713 0.03125 0.0157407
3 0.403385 0.504167 0.0411458 0.0138889
1 0.44974 0.387037 0.0359375 0.05
0 0.409896 0.54537 0.0375 0.0666667
1 0.484115 0.485185 0.0390625 0.0611111
1 0.478646 0.47037 0.0270833 0.0537037
3 0.451042 0.359722 0.046875 0.0157407
0 0.449219 0.570833 0.0401042 0.0638889
1 0.495313 0.496759 0.0322917 0.0509259
3 0.37526 0.431481 0.0328125 0.0240741
1 0.504427 0.562037 0.0348958 0.05
3 0.44401 0.526852 0.0453125 0.012963
1 0.527604 0.599537 0.0364583 0.0638889
