3 0.373698 0.487963 0.0317708 0.0407407
3 0.404167 0.506481 0.0385417 0.012963
0 0.479427 0.46713 0.0276042 0.0546296
3 0.492188 0.368056 0.04375 0.0101852
1 0.527083 0.597685 0.046875 0.0564815
0 0.500781 0.504167 0.0453125 0.0694444
3 0.489062 0.470833 0.0395833 0.0324074
1 0.499479 0.505556 0.053125 0.0537037
3 0.522656 0.564815 0.0401042 0.0166667
3 0.507031 0.522222 0.0359375 0.0351852
3 0.453385 0.381019 0.0421875 0.0453704
0 0.486979 0.401852 0.0375 0.0574074
0 0.373958 0.487037 0.0447917 0.0537037
0 0.415625 0.548611 0.0447917 0.0546296
0 0.453385 0.390278 0.0348958 0.0453704
3 0.513281 0.560185 0.0401042 0.0240741
1 0.479948 0.473611 0.0359375 0.0527778
0 0.511198 0.40787 0.0380208 0.0583333
1 0.510677 0.554167 0.0265625 0.0398148
3 0.363021 0.443519 0.0322917 0.037037
3 0.526042 0.575463 0.0395833 0.0287037
1 0.514844 0.401389 0.0338542 0.062037
3 0.366667 0.457407 0.0458333 0.0314815
0 0.360677 0.456019 0.0421875 0.0601852
0 0.527083 0.60463 0.04375 0.0666667
3 0.451302 0.360185 0.0411458 0.0166667
0 0.400521 0.547222 0.0416667 0.0685185
0 0.446354 0.562963 0.0416667 0.0648148
3 0.360938 0.426389 0.0385417 0.0138889
3 0.447135 0.523611 0.0473958 0.0138889
