3 0.602865 0.353704 0.0390625 0.0148148
1 0.567708 0.323611 0.0354167 0.0564815
0 0.608854 0.394444 0.0364583 0.0555556
3 0.477344 0.441204 0.0338542 0.0231481
3 0.627604 0.424537 0.0385417 0.0212963
1 0.533594 0.306481 0.0380208 0.0444444
3 0.638542 0.446759 0.0385417 0.0287037
1 0.584635 0.369444 0.0338542 0.0518519
3 0.568229 0.27963 0.0447917 0.0166667
0 0.533073 0.309259 0.0244792 0.0518519
3 0.638542 0.434722 0.0447917 0.00833333
0 0.564062 0.319907 0.0302083 0.0564815
0 0.503646 0.511111 0.0395833 0.0574074
3 0.478385 0.431481 0.0421875 0.0111111
3 0.538021 0.269444 0.040625 0.0148148
3 0.614062 0.395833 0.034375 0.0324074
3 0.592969 0.336111 0.0369792 0.00925926
3 0.516146 0.330093 0.0385417 0.0138889
0 0.479688 0.468056 0.0385417 0.0472222
3 0.623698 0.399537 0.0390625 0.0175926
1 0.63776 0.462963 0.0276042 0.0574074
0 0.514844 0.381019 0.0432292 0.0805556
