3 0.505469 0.530093 0.0380208 0.0490741
0 0.519271 0.575 0.0427083 0.0425926
3 0.510677 0.551852 0.0380208 0.0277778
0 0.383333 0.523148 0.0510417 0.0666667
3 0.448438 0.377778 0.0395833 0.0407407
1 0.509115 0.410185 0.0359375 0.05
0 0.481771 0.454167 0.03125 0.0601852
0 0.496094 0.500463 0.0390625 0.0509259
3 0.482031 0.366204 0.0442708 0.0138889
3 0.4125 0.544907 0.0427083 0.0472222
1 0.481771 0.45787 0.028125 0.0472222
1 0.50625 0.505093 0.0458333 0.0601852
0 0.510938 0.569444 0.0479167 0.0703704
1 0.523698 0.59213 0.0515625 0.0675926
0 0.503385 0.550926 0.0484375 0.0574074
3 0.402865 0.510185 0.0359375 0.0111111
3 0.491667 0.460185 0.034375 0.0166667
3 0.500781 0.471296 0.0390625 0.012963
0 0.508594 0.411574 0.0390625 0.0564815
3 0.501302 0.491667 0.0359375 0.0333333
0 0.503646 0.514815 0.0447917 0.0703704
0 0.485677 0.409259 0.0348958 0.0518519
0 0.407031 0.543056 0.0390625 0.0657407
0 0.450521 0.394444 0.0395833 0.0611111
3 0.447917 0.530093 0.0385417 0.012037
0 0.447135 0.563889 0.0369792 0.0592593
3 0.366927 0.462963 0.0421875 0.012963
0 0.372917 0.504167 0.034375 0.0638889
3 0.451562 0.361574 0.0416667 0.0175926
