0 0.478646 0.473148 0.0375 0.0574074
3 0.51224 0.551852 0.0390625 0.0185185
3 0.447396 0.519907 0.040625 0.0231481
0 0.432031 0.581019 0.0442708 0.0583333
0 0.451562 0.401389 0.040625 0.0564815
3 0.490625 0.468519 0.0364583 0.0203704
1 0.482292 0.40787 0.034375 0.0564815
3 0.393229 0.498611 0.0427083 0.00833333
0 0.510417 0.411574 0.0333333 0.0564815
3 0.449479 0.373611 0.04375 0.0287037
3 0.44974 0.395833 0.0369792 0.0398148
3 0.50599 0.528241 0.0317708 0.0231481
1 0.50599 0.514352 0.0401042 0.0546296
3 0.501042 0.487037 0.0322917 0.0240741
0 0.36875 0.494907 0.0333333 0.0490741
3 0.503125 0.466667 0.0302083 0.012963
0 0.483333 0.40787 0.0354167 0.0527778
3 0.478906 0.440278 0.0307292 0.0231481
0 0.371094 0.516667 0.0411458 0.0796296
0 0.409896 0.540278 0.034375 0.0601852
1 0.510417 0.413889 0.0270833 0.0444444
3 0.484375 0.364352 0.0458333 0.0138889
3 0.451562 0.360648 0.0447917 0.0175926
1 0.523438 0.605093 0.0354167 0.0601852
0 0.357812 0.462037 0.0385417 0.062963
0 0.446354 0.570833 0.0427083 0.0638889
3 0.359115 0.423148 0.0359375 0.0111111
3 0.449219 0.528704 0.0411458 0.012963
