3 0.442187 0.532407 0.0375 0.0166667
3 0.40625 0.505093 0.0395833 0.0138889
1 0.482812 0.408333 0.0354167 0.0537037
3 0.52474 0.560648 0.0317708 0.0157407
3 0.479167 0.440278 0.0260417 0.0268519
0 0.485677 0.410648 0.0348958 0.0546296
0 0.502083 0.510185 0.0416667 0.0518519
3 0.360677 0.450463 0.0369792 0.0546296
3 0.448177 0.37963 0.0401042 0.0481481
0 0.371615 0.484259 0.0401042 0.0555556
1 0.447656 0.390741 0.0338542 0.0462963
3 0.488021 0.368519 0.0447917 0.0111111
3 0.514063 0.374074 0.0427083 0.0111111
3 0.51276 0.55787 0.0359375 0.0175926
0 0.449479 0.390278 0.0322917 0.0490741
0 0.52474 0.603704 0.0380208 0.0518519
3 0.502865 0.471759 0.0338542 0.0138889
1 0.524479 0.605093 0.0322917 0.0583333
1 0.510677 0.411574 0.0359375 0.062037
0 0.358594 0.464815 0.0390625 0.0537037
0 0.477865 0.469907 0.0317708 0.0509259
3 0.502083 0.489815 0.03125 0.0277778
0 0.410156 0.542593 0.0390625 0.0685185
1 0.503906 0.510185 0.0421875 0.0611111
3 0.451562 0.362037 0.04375 0.0185185
0 0.441146 0.575463 0.0416667 0.0638889
3 0.357031 0.425926 0.0390625 0.0111111
