3 0.504167 0.508333 0.0270833 0.0277778
1 0.359635 0.458796 0.0442708 0.0583333
0 0.373958 0.493056 0.0354167 0.0416667
0 0.50651 0.4125 0.0411458 0.0657407
3 0.52474 0.575 0.0380208 0.0148148
3 0.480729 0.454167 0.0385417 0.0194444
3 0.426562 0.535648 0.0333333 0.0212963
3 0.502865 0.463426 0.0401042 0.012037
0 0.476042 0.475 0.0291667 0.0518519
3 0.502083 0.492593 0.0333333 0.0296296
3 0.359896 0.453704 0.0375 0.0592593
3 0.452865 0.374074 0.0369792 0.037037
3 0.403125 0.502778 0.0479167 0.0148148
1 0.483854 0.403704 0.0354167 0.05
0 0.451823 0.387963 0.0348958 0.0462963
0 0.390625 0.543981 0.0395833 0.062037
0 0.405729 0.546759 0.040625 0.0583333
0 0.503906 0.552778 0.0348958 0.0574074
3 0.481771 0.366204 0.0447917 0.0138889
1 0.508333 0.40787 0.0447917 0.0675926
0 0.356771 0.457407 0.034375 0.0574074
0 0.447656 0.572685 0.0380208 0.0546296
1 0.524219 0.600463 0.0442708 0.062037
0 0.432813 0.585648 0.0375 0.0583333
1 0.503385 0.560648 0.0338542 0.0472222
3 0.451823 0.3625 0.0442708 0.0194444
3 0.445573 0.530556 0.0432292 0.012963
3 0.356771 0.429167 0.0447917 0.012037
