1 0.480729 0.466204 0.034375 0.0527778
3 0.415104 0.549537 0.040625 0.0361111
3 0.389583 0.502315 0.0427083 0.0175926
0 0.414062 0.562963 0.0541667 0.0722222
3 0.500521 0.467593 0.034375 0.0148148
3 0.479948 0.416667 0.0276042 0.0240741
3 0.48151 0.437037 0.0338542 0.0148148
1 0.483333 0.400463 0.0364583 0.0490741
3 0.515104 0.382407 0.0416667 0.0185185
0 0.421094 0.586574 0.0348958 0.0601852
3 0.50599 0.526389 0.0411458 0.0175926
3 0.500521 0.493519 0.0395833 0.0259259
0 0.513281 0.408333 0.0328125 0.05
1 0.3625 0.456944 0.0395833 0.0564815
3 0.35599 0.424537 0.0411458 0.0101852
0 0.359375 0.458796 0.0375 0.0527778
1 0.504167 0.508333 0.0322917 0.0444444
3 0.402083 0.503241 0.0458333 0.012037
0 0.452604 0.384259 0.034375 0.05
1 0.496354 0.495833 0.0395833 0.0546296
3 0.489062 0.444907 0.0458333 0.012037
0 0.39401 0.549537 0.0390625 0.0694444
3 0.451823 0.363889 0.0432292 0.0166667
3 0.491667 0.460648 0.0385417 0.0194444
1 0.517187 0.407407 0.03125 0.0555556
3 0.486198 0.365278 0.0453125 0.0157407
3 0.486198 0.369907 0.0380208 0.0138889
0 0.440885 0.574537 0.0453125 0.0675926
1 0.504427 0.560185 0.0390625 0.0537037
1 0.526823 0.600926 0.0359375 0.0592593
3 0.448958 0.534259 0.0427083 0.0111111
