3 0.395573 0.509722 0.0401042 0.0138889
0 0.410417 0.548148 0.0375 0.0518519
1 0.510677 0.534722 0.0328125 0.0453704
3 0.515625 0.511574 0.034375 0.0305556
3 0.484896 0.439815 0.0354167 0.0148148
3 0.482292 0.377315 0.0375 0.0324074
1 0.482292 0.399074 0.0333333 0.0611111
3 0.51901 0.37963 0.0432292 0.0185185
0 0.484635 0.400926 0.0338542 0.05
3 0.485156 0.364815 0.0411458 0.0111111
3 0.361979 0.447685 0.0364583 0.0472222
3 0.505729 0.515741 0.0354167 0.0240741
1 0.518229 0.40463 0.0322917 0.0555556
0 0.370833 0.478704 0.0416667 0.0555556
3 0.404948 0.513426 0.0453125 0.0101852
3 0.415365 0.541667 0.0411458 0.0296296
0 0.508594 0.552315 0.0369792 0.0509259
0 0.436719 0.581944 0.0359375 0.0675926
0 0.514063 0.40787 0.0354167 0.0564815
0 0.527865 0.603241 0.0401042 0.0657407
3 0.452604 0.533796 0.040625 0.012037
3 0.490885 0.451389 0.0442708 0.0175926
3 0.495833 0.464815 0.0333333 0.0166667
0 0.450781 0.390741 0.0380208 0.0592593
0 0.36224 0.459259 0.0401042 0.0574074
0 0.449479 0.574074 0.0375 0.0648148
1 0.509635 0.55787 0.0317708 0.0657407
3 0.360156 0.423611 0.0401042 0.0101852
3 0.452344 0.359722 0.0401042 0.0138889
0 0.364062 0.554167 0.0385417 0.0601852
