3 0.48099 0.440741 0.0369792 0.0240741
3 0.482812 0.414352 0.028125 0.0305556
0 0.366406 0.483796 0.0317708 0.0490741
0 0.50599 0.538426 0.0369792 0.0583333
3 0.403646 0.511574 0.0375 0.012037
3 0.447656 0.555556 0.0390625 0.0425926
3 0.415104 0.556944 0.0427083 0.037963
3 0.490104 0.465278 0.0395833 0.0212963
3 0.361198 0.450463 0.0401042 0.0361111
1 0.505729 0.558333 0.034375 0.0555556
3 0.518229 0.369444 0.0458333 0.012963
1 0.477344 0.472685 0.0369792 0.0509259
0 0.450521 0.389815 0.0333333 0.0518519
1 0.516927 0.408796 0.0307292 0.0564815
0 0.478906 0.465278 0.0307292 0.0509259
0 0.521094 0.6 0.0442708 0.0555556
0 0.513802 0.413889 0.0328125 0.0555556
0 0.409115 0.553704 0.0463542 0.0703704
3 0.501562 0.488889 0.0427083 0.0185185
3 0.485938 0.363426 0.0447917 0.0157407
0 0.3625 0.467593 0.0416667 0.0611111
3 0.505729 0.508333 0.0375 0.0222222
3 0.360938 0.425926 0.0375 0.0111111
0 0.44974 0.566204 0.0401042 0.0601852
3 0.451562 0.357407 0.04375 0.0148148
3 0.448438 0.531482 0.0458333 0.0148148
