1 0.484635 0.46713 0.0359375 0.0527778
3 0.508333 0.559259 0.0375 0.0333333
3 0.483073 0.438889 0.0276042 0.0259259
3 0.517448 0.374074 0.0411458 0.012963
3 0.391406 0.523611 0.0463542 0.0101852
3 0.354948 0.490741 0.0369792 0.0444444
0 0.483333 0.401389 0.03125 0.0509259
3 0.483333 0.364815 0.0385417 0.0148148
0 0.444792 0.574537 0.04375 0.0564815
3 0.490104 0.46713 0.040625 0.0212963
3 0.364583 0.450463 0.0354167 0.0453704
3 0.507812 0.505556 0.0322917 0.0240741
1 0.505469 0.560648 0.0380208 0.0546296
1 0.514323 0.406481 0.0307292 0.0574074
3 0.503646 0.492593 0.034375 0.0222222
0 0.521094 0.595833 0.0390625 0.0564815
0 0.353646 0.509722 0.0395833 0.0527778
0 0.449479 0.397222 0.0364583 0.0537037
0 0.386458 0.563426 0.0572917 0.0861111
3 0.452604 0.361111 0.040625 0.012963
3 0.448177 0.531482 0.0411458 0.0148148
0 0.453906 0.562037 0.0432292 0.0592593
