0 0.485677 0.408333 0.0369792 0.0555556
3 0.510938 0.556481 0.040625 0.0240741
3 0.514583 0.368056 0.046875 0.0157407
3 0.33724 0.516204 0.0369792 0.0175926
3 0.48151 0.444907 0.0348958 0.0287037
3 0.421354 0.555556 0.0291667 0.0240741
0 0.360417 0.460185 0.0385417 0.0592593
3 0.501562 0.489352 0.0375 0.0194444
3 0.483594 0.363426 0.0463542 0.0157407
0 0.424479 0.577778 0.0364583 0.0425926
0 0.511198 0.412037 0.0369792 0.0611111
3 0.488021 0.461111 0.0375 0.0185185
0 0.516406 0.5875 0.0526042 0.0768519
3 0.50651 0.523611 0.0390625 0.0175926
1 0.480729 0.47037 0.034375 0.0425926
1 0.521354 0.594444 0.0458333 0.0666667
3 0.386979 0.531482 0.0510417 0.0185185
1 0.509115 0.411574 0.0348958 0.0490741
3 0.502865 0.506944 0.0359375 0.025
3 0.342187 0.510648 0.0375 0.0101852
1 0.36276 0.459259 0.0390625 0.0648148
0 0.448698 0.56713 0.0380208 0.062037
0 0.450521 0.389352 0.0364583 0.0527778
0 0.433854 0.581481 0.0375 0.062963
3 0.361719 0.422222 0.0369792 0.0111111
0 0.338281 0.546296 0.0390625 0.0685185
3 0.450781 0.361111 0.0442708 0.0185185
0 0.365625 0.597685 0.053125 0.102778
3 0.450781 0.528704 0.0390625 0.012963
