3 0.505208 0.527778 0.0322917 0.0296296
0 0.483333 0.487037 0.0333333 0.0518519
1 0.508073 0.534259 0.0338542 0.0388889
3 0.49349 0.481944 0.0296875 0.0212963
3 0.479427 0.378241 0.0328125 0.0398148
0 0.43724 0.581944 0.0432292 0.0657407
3 0.503125 0.513426 0.0375 0.037963
0 0.502344 0.541667 0.0411458 0.0592593
3 0.480208 0.365278 0.0375 0.012037
0 0.475 0.394907 0.0375 0.0472222
1 0.48151 0.399074 0.0296875 0.0537037
3 0.42526 0.558796 0.0401042 0.0157407
3 0.428125 0.569907 0.04375 0.0361111
3 0.480208 0.446296 0.0354167 0.0148148
3 0.361719 0.423148 0.0411458 0.0148148
3 0.330729 0.551852 0.0447917 0.0148148
0 0.361719 0.452778 0.0411458 0.0574074
3 0.490625 0.469444 0.0395833 0.0111111
3 0.501823 0.488426 0.0359375 0.0194444
1 0.363542 0.45787 0.0416667 0.0527778
0 0.45026 0.391204 0.0348958 0.0490741
1 0.509896 0.408796 0.0375 0.0527778
1 0.524479 0.6 0.0385417 0.0777778
3 0.516146 0.381019 0.04375 0.00833333
1 0.502604 0.558333 0.0395833 0.0518519
3 0.451823 0.358796 0.0390625 0.0157407
0 0.452083 0.565741 0.0427083 0.0611111
3 0.448958 0.52963 0.040625 0.012963
0 0.34401 0.62037 0.0703125 0.103704
